120
134
130
228
58
56
182
130
84
76
116
98
228
12
84
102
152
126
130
108
68
132
136
104
70
96
84
112
644
122
148
50
190
182
78
106
74
126
58
90
116
190
80
136
144
76
32
268
150
118
126
160
112
110
120
80
112
70
36
90
148
124
82
124
168
116
136
164
646
134
80
92
44
120
126
100
192
248
88
140
102
102
70
94
112
86
114
152
276
56
126
158
94
130
48
118
134
612
142
74
144
104
152
244
120
236
132
126
204
138
164
112
88
212
50
128
130
134
188
104
94
84
168
70
120
94
82
124
160
314
112
82
166
84
98
128
84
144
156
154
132
612
294
100
96
122
144
222
132
72
146
98
192
154
172
160
98
160
154
172
188
128
118
84
154
126
150
48
74
92
60
194
454
178
114
108
146
156
106
102
100
48
186
132
198
86
138
150
172
68
76
164
800
78
96
118
238
104
310
136
172
156
42
112
212
106
154
70
120
212
26
198
60
134
102
52
542
262
66
100
36
48
168
94
242
64
88
232
42
88
126
142
130
74
98
74
146
88
68
210
128
176
112
208
242
146
158
52
100
202
116
100
180
90
514
152
86
178
54
86
116
102
506
70
68
106
164
366
112
104
66
90
130
114
140
70
180
48
246
122
84
120
122
194
126
218
616
114
220
182
642
66
100
150
176
168
120
66
258
112
134
128
636
106
122
148
150
116
88
106
102
80
112
124
40
188
152
148
468
28
82
88
164
216
114
74
118
96
328
70
136
134
84
118
96
172
60
90
346
146
90
114
134
134
214
164
162
108
198
138
132
190
106
130
116
88
66
86
74
142
130
90
122
148
142
80
62
190
98
134
790
114
142
166
148
104
120
54
130
132
152
166
122
294
86
146
228
124
96
104
174
274
90
72
82
82
230
970
150
170
304
130
128
72
62
86
162
78
162
84
144
98
114
674
78
224
120
122
128
186
102
194
166
40
144
76
94
204
130
180
72
96
192
242
64
290
170
122
342
110
340
116
194
44
108
220
108
108
120
134
202
90
78
82
118
118
92
74
178
168
70
174
88
172
170
120
182
132
100
52
90
106
78
90
114
108
90
208
106
506
224
240
112
110
112
132
100
116
132
450
42
104
58
84
84
104
134
76
120
44
120
118
88
88
108
206
216
114
190
80
140
58
160
88
96
196
104
80
158
102
158
126
154
80
30
392
36
174
200
88
52
144
86
62
132
266
134
126
194
88
154
92
116
740
154
176
186
126
94
98
142
106
102
96
92
98
54
108
124
168
100
178
120
176
88
80
126
190
174
112
136
176
94
138
94
418
130
94
110
186
70
96
102
130
152
82
110
190
152
106
344
168
112
158
112
128
160
84
224
104
124
82
74
98
102
64
130
162
112
68
112
116
150
184
104
112
128
116
208
148
200
594
118
138
162
240
242
162
166
38
112
102
94
52
108
102
138
72
138
48
94
168
80
126
110
118
78
90
90
174
134
106
184
112
160
562
258
88
46
114
120
132
66
164
132
144
112
166
134
58
284
78
88
176
134
80
196
120
112
214
122
130
120
76
68
146
186
158
100
248
92
96
182
142
132
434
78
102
130
178
120
48
90
146
128
114
104
60
582
220
64
122
104
148
64
84
66
100
136
168
190
72
242
80
772
100
204
172
88
136
218
132
82
132
82
116
114
136
140
156
130
130
140
96
118
152
94
78
116
60
140
174
110
68
96
78
164
188
70
186
638
120
126
102
96
166
134
44
378
92
76
206
112
40
72
104
120
36
186
198
100
138
596
108
102
128
134
166
108
186
176
126
104
134
634
78
138
1088
96
146
122
118
114
102
34
120
126
96
182
132
216
152
92
76
60
86
184
382
148
136
160
146
44
242
58
72
88
246
158
118
110
628
258
258
134
98
176
64
108
126
210
90
96
70
142
190
118
72
158
246
116
144
72
142
102
198
80
148
118
554
262
136
152
72
178
124
204
142
92
132
78
90
98
68
144
118
106
110
142
150
206
168
136
82
66
60
148
642
80
152
134
228
120
90
154
76
86
62
380
166
136
124
88
74
150
108
204
110
156
34
114
978
148
198
146
228
124
72
160
178
222
142
138
86
98
116
152
150
142
134
140
92
312
116
108
106
134
66
60
98
154
106
90
118
208
96
192
648
220
104
100
132
112
84
74
160
128
82
100
132
290
150
28
56
64
92
156
80
218
144
166
114
88
134
240
258
90
194
118
58
150
166
94
122
122
114
70
164
88
134
126
120
100
44
90
190
92
102
100
108
156
68
100
120
162
146
86
206
156
266
92
154
106
528
136
158
78
138
134
168
746
122
308
154
326
106
134
88
152
96
70
154
84
96
118
92
84
290
150
156
36
130
106
152
154
98
126
102
122
142
352
122
70
70
112
144
190
102
156
112
288
142
80
174
186
80
110
94
96
140
94
88
78
138
134
180
106
116
60
206
138
822
162
120
156
148
150
140
136
92
182
154
124
286
78
136
226
182
118
152
86
134
122
194
84
110
66
222
256
66
138
102
100
124
192
132
138
116
106
138
104
100
38
192
146
452
98
144
72
198
210
108
210
150
100
126
190
150
74
118
78
116
76
96
200
142
258
164
74
112
34
116
170
132
156
74
52
152
110
66
270
176
152
52
144
188
118
336
70
84
96
158
128
120
84
60
146
144
134
204
170
120
90
112
138
98
142
124
96
114
300
202
112
596
112
808
16
126
86
388
130
108
86
184
198
110
66
116
160
124
174
100
98
88
180
174
236
186
290
102
78
148
224
134
122
74
68
132
86
206
128
166
74
94
150
116
122
114
64
158
78
162
152
90
96
92
84
146
78
88
96
102
144
212
74
102
166
214
234
156
72
90
92
102
62
94
134
136
190
106
82
708
202
112
852
58
226
208
72
72
128
154
130
86
42
170
168
124
86
128
884
162
182
206
106
38
86
100
156
164
112
110
164
120
28
166
66
58
326
150
116
110
138
210
202
74
106
208
92
72
168
76
136
82
102
74
108
104
80
558
232
76
116
230
232
70
102
154
208
200
120
286
118
134
60
100
228
126
138
74
1220
68
62
82
226
142
104
228
164
146
54
96
250
184
200
134
120
38
94
122
432
176
86
130
78
36
162
54
90
38
126
136
68
126
108
132
188
136
114
102
132
104
154
170
88
160
136
160
162
96
790
68
674
218
144
226
58
180
130
180
126
200
76
180
174
222
80
176
92
104
126
98
126
124
102
184
108
114
108
132
224
574
68
78
68
178
170
130
112
182
120
116
114
264
70
286
114
160
494
122
188
118
150
146
98
160
160
182
752
78
154
122
250
82
82
214
124
138
30
138
184
84
148
126
140
72
140
128
76
154
122
58
84
968
172
126
166
56
146
134
158
44
112
618
118
120
104
42
96
110
238
84
162
86
140
166
216
164
124
76
154
170
134
506
132
144
156
146
28
136
162
134
292
124
262
152
194
68
238
100
180
166
736
92
220
210
110
82
88
210
170
238
146
98
66
98
78
708
152
88
74
282
196
94
96
114
158
128
100
196
148
838
746
112
64
48
136
94
68
160
156
156
178
162
158
112
184
82
132
52
126
152
84
90
116
100
122
110
52
274
236
460
122
270
104
128
122
184
60
196
88
778
156
126
272
218
132
98
236
188
96
114
84
30
134
110
116
198
412
96
60
232
100
152
66
66
148
136
32
272
76
34
126
156
54
118
120
230
92
412
164
154
102
96
138
84
94
270
150
128
138
570
106
146
162
88
88
92
156
192
86
160
668
198
918
148
168
100
64
102
144
130
118
186
84
78
120
158
192
138
98
204
166
156
226
100
90
106
234
106
106
110
86
120
82
220
100
86
124
108
102
72
72
100
86
242
162
76
18
140
76
180
90
96
20
216
136
84
172
142
72
86
130
520
142
70
100
76
86
152
88
102
210
116
130
36
152
108
68
200
104
96
94
68
66
170
84
242
100
90
312
70
132
186
64
228
750
112
132
152
114
66
242
180
44
306
92
1292
76
86
42
160
182
150
160
118
38
46
86
124
100
122
80
98
168
84
232
122
172
96
126
118
126
166
118
122
190
198
158
60
54
34
84
130
84
94
152
152
180
558
164
118
112
180
154
286
104
80
130
68
114
128
136
112
604
76
72
198
124
184
98
108
92
116
70
82
86
184
112
62
70
112
110
146
62
44
106
84
304
82
72
104
178
116
96
108
94
78
160
164
134
132
110
88
130
98
176
178
130
96
68
74
138
50
168
78
122
164
104
100
156
152
106
74
102
80
82
82
68
118
194
132
120
144
104
148
126
164
134
150
184
104
150
88
182
96
182
404
102
132
108
58
136
22
74
116
76
114
160
96
90
90
146
116
90
90
110
84
104
116
114
84
270
104
126
90
152
134
54
94
184
142
182
94
110
108
150
96
102
124
76
112
156
68
162
160
108
68
162
128
98
566
130
162
208
116
88
70
156
104
108
128
80
210
150
148
84
102
132
200
162
182
126
150
100
94
120
144
76
64
78
182
116
124
102
118
96
42
58
130
