(base) hrvoje@hrvoje-ThinkPad-E16-Gen-1:~/TPpodatci/faks/4.godina/bioinf2/bioinformatics2/tests$ ./test7
1460 1583
2021 2060
1647 1751
1526 1658
1505 1629
1504 1633
1569 1684
477 871
1557 1652
1364 1496
1544 1665
1462 1593
1999 2054
1488 1615
1473 1597
2093 2126
1447 1577
1500 1621
1643 1732
2031 2080
1578 1679
1455 1595
1511 1637
1585 1690
1619 1705
1884 1941
2091 2155
1513 1643
494 879
1407 1506
1565 1697
1492 1625
1530 1653
1413 1556
1583 1696
1460 1586
1508 1638
1510 1637
1470 1595
2043 2072
1485 1598
1435 1581
404 878
1906 1970
1499 1637
1379 1518
487 915
1831 1908
1614 1739
1536 1649
1284 1456
1733 1835
1535 1653
1525 1648
1899 1973
1498 1629
1572 1685
1533 1662
1441 1578
1474 1604
1527 1650
1374 1505
1438 1587
1815 1886
1490 1636
1485 1626
1789 1865
1911 1961
1448 1610
1384 1535
1489 1616
1584 1680
1360 1494
1830 1915
1498 1617
1533 1650
1582 1709
1470 1601
1432 1564
1386 1561
1512 1633
1789 1876
1494 1614
1691 1776
1783 1862
1490 1618
1533 1664
1396 1549
1649 1733
1478 1633
1493 1615
2005 2085
1498 1628
1589 1698
1504 1623
1627 1741
1469 1610
1734 1833
1469 1600
1442 1589
426 863
1501 1629
1577 1690
1489 1605
1420 1548
2092 2127
1656 1741
1412 1592
1459 1626
1518 1621
1385 1513
1651 1734
1528 1652
1480 1637
1882 1948
1463 1585
1443 1566
1942 1999
1783 1879
1545 1646
1590 1689
1969 2022
1470 1618
1607 1710
1596 1699
1432 1593
1540 1680
1758 1848
1619 1722
1661 1755
2094 2145
1559 1691
1444 1589
1403 1536
1718 1812
1451 1595
1632 1728
1540 1675
1975 2027
1527 1648
1543 1652
1496 1623
1568 1666
1481 1636
1498 1631
1797 1867
1541 1660
1596 1724
1474 1622
1379 1505
1577 1684
1932 1984
1513 1609
1594 1701
1962 2029
1509 1615
1581 1683
1490 1632
1485 1599
1547 1650
1726 1796
1620 1708
1394 1530
1807 1891
1465 1620
1396 1546
1469 1601
1510 1641
1515 1657
1462 1597
1554 1707
1520 1666
1485 1624
1602 1704
1588 1688
1533 1651
1545 1631
1661 1753
1517 1633
1533 1661
1620 1704
1526 1645
1427 1589
1372 1521
1466 1591
1541 1666
1905 1969
1582 1723
1836 1889
1521 1624
1523 1634
1539 1665
1490 1614
1425 1526
1485 1595
1466 1617
1531 1646
1598 1701
1834 1903
1430 1546
2023 2063
1508 1631
1660 1767
1478 1619
2110 2137
1571 1698
1570 1696
1499 1665
1454 1588
1664 1752
1364 1516
1564 1689
2071 2118
1402 1576
1500 1615
1906 1960
1404 1539
1406 1553
1481 1593
1452 1607
1549 1659
1528 1651
1541 1690
2081 2114
1325 1472
1582 1697
1810 1899
1411 1553
1511 1613
1492 1630
1467 1599
1561 1690
1605 1740
1956 2000
1564 1673
1897 1952
1613 1731
1520 1626
1885 1963
1551 1660
1438 1587
1429 1555
1529 1632
1561 1666
1909 1979
1550 1676
1741 1823
1477 1597
1765 1826
1834 1909
1619 1735
1475 1606
1467 1597
1564 1671
1522 1671
482 896
1566 1694
1902 1964
1676 1792
1550 1654
1476 1618
1578 1693
1478 1624
1652 1781
1558 1662
417 877
1417 1530
1667 1751
1488 1624
1802 1867
1417 1555
482 916
1604 1712
1458 1597
1456 1601
1496 1632
1481 1588
1517 1639
1383 1560
1520 1637
1430 1555
1508 1629
1491 1621
420 863
1519 1643
1503 1642
1522 1655
1459 1585
1335 1504
1461 1595
1927 1999
1511 1628
1565 1690
1513 1648
1435 1556
1495 1617
1519 1642
1738 1818
1466 1619
1523 1662
1474 1631
1466 1584
1923 1972
1457 1610
1701 1783
1501 1642
1508 1626
2014 2073
1530 1657
1594 1711
1522 1660
1684 1793
1371 1539
1425 1555
1426 1552
387 848
2086 2133
1421 1568
1515 1623
1502 1613
1537 1647
1495 1611
1510 1632
1468 1569
1631 1721
1462 1573
1495 1646
1365 1515
1405 1562
1614 1705
1865 1928
1487 1613
1405 1539
1496 1636
1448 1578
1419 1569
1523 1639
894 1145
1402 1566
1436 1560
1437 1554
1627 1744
1558 1671
1506 1639
1380 1523
1617 1716
1477 1623
1952 2016
1475 1583
1593 1687
1575 1677
1534 1653
1619 1737
1568 1672
1519 1624
1602 1720
1849 1932
1886 1967
1507 1642
1464 1587
1433 1569
1618 1724
1440 1581
1537 1640
1852 1931
1490 1629
1297 1473
1419 1572
1459 1567
1555 1684
1385 1494
432 887
1808 1882
1464 1602
1441 1586
1556 1716
1452 1561
1437 1579
1463 1594
1511 1645
1508 1617
1763 1861
1422 1567
1550 1645
788 1073
1476 1591
1620 1741
1490 1638
487 892
1478 1622
1453 1571
1796 1881
1433 1560
1352 1472
1638 1717
1589 1689
1370 1507
1478 1605
1578 1689
1937 2022
1479 1597
1492 1607
1558 1671
2051 2085
1591 1707
1622 1744
1458 1618
1995 2059
1433 1561
1318 1446
1501 1633
1403 1566
1464 1591
1576 1692
1526 1635
1549 1695
1555 1668
445 889
2083 2130
1545 1637
1814 1907
747 1049
1481 1602
1867 1940
1543 1670
1510 1632
1498 1605
1577 1694
1523 1634
2069 2115
1451 1595
1544 1685
1446 1559
1599 1724
1559 1670
1962 2024
1311 1478
1394 1538
1464 1574
1787 1861
1464 1590
1524 1633
1628 1734
1485 1606
1481 1595
455 887
1492 1621
2046 2098
1520 1645
1634 1733
1615 1717
1505 1618
1425 1566
1425 1591
1500 1609
1530 1644
1374 1527
1541 1665
1389 1549
1506 1609
1478 1615
1378 1540
1512 1629
1543 1643
2150 2202
1499 1618
1319 1498
1893 1968
1418 1592
1609 1731
1427 1574
1730 1817
1536 1653
1512 1647
2156 2193
1693 1813
1410 1553
1536 1650
1472 1599
1526 1635
1613 1695
1541 1657
1565 1671
1403 1524
1623 1701
1494 1613
1923 1981
1436 1556
1519 1632
1565 1665
1392 1559
1642 1736
1505 1629
1532 1650
847 1131
1583 1702
1562 1669
1567 1673
1558 1655
1552 1657
1574 1659
1515 1632
1449 1598
1844 1936
1717 1829
1510 1632
1439 1586
1672 1761
1436 1580
1538 1648
1526 1657
1630 1725
1548 1681
1495 1628
1718 1830
1657 1768
1562 1680
430 868
1467 1605
1654 1743
1617 1714
2007 2060
2044 2087
1520 1631
1403 1534
1469 1600
1498 1627
1676 1778
1442 1604
1372 1488
1539 1648
1581 1731
1479 1600
1703 1822
1898 1968
1621 1753
2113 2143
506 905
1435 1601
1470 1593
1519 1641
1444 1574
1312 1478
1971 2020
1414 1526
2002 2046
1703 1808
1422 1583
1517 1640
1501 1621
1437 1593
1508 1646
2078 2126
1467 1596
1622 1729
1475 1617
1448 1579
1371 1517
1462 1588
1511 1645
1327 1456
1471 1596
1991 2030
1340 1495
1415 1563
1607 1717
1495 1616
1410 1551
1544 1680
1684 1789
1610 1709
1521 1633
1659 1786
1565 1658
1579 1690
1622 1717
1457 1607
1372 1505
1530 1646
1568 1670
1594 1701
1879 1939
1503 1621
1506 1616
1448 1589
1528 1652
1605 1701
1532 1651
1866 1928
1527 1648
1339 1528
1494 1635
1450 1584
1522 1671
388 863
1429 1563
1299 1464
1458 1584
1524 1634
1494 1628
403 766
1551 1669
1634 1719
1918 1987
1478 1596
1549 1667
1531 1660
2199 2225
1478 1595
1381 1533
1951 2012
1446 1560
1514 1604
1456 1648
1705 1784
1541 1655
1595 1711
1530 1646
1453 1559
1454 1596
1516 1661
1533 1659
366 846
1441 1548
448 859
1543 1664
1417 1577
1603 1707
1520 1651
2079 2113
1592 1685
463 848
1649 1771
1817 1883
1524 1657
1733 1851
1592 1693
2016 2067
1549 1686
1494 1632
1498 1637
1519 1641
1604 1706
1657 1787
1514 1635
1439 1564
1515 1638
1483 1644
1641 1765
477 865
442 862
1954 2027
1529 1633
1517 1656
1600 1717
1406 1515
1559 1671
1476 1603
1491 1600
1686 1785
1528 1653
1606 1700
1864 1934
1571 1696
1718 1821
1596 1721
1610 1719
1550 1650
1552 1662
1531 1646
1644 1736
1477 1591
1484 1598
1546 1665
1457 1566
1639 1741
1481 1629
1402 1564
1671 1758
1454 1596
1498 1627
1515 1629
1455 1602
1923 1980
1731 1843
1835 1911
1610 1720
2062 2100
1490 1617
1626 1746
1765 1859
1914 1980
1447 1595
1494 1623
1465 1597
1565 1696
1436 1592
1727 1856
1416 1557
1666 1763
1445 1570
1628 1739
1424 1557
1702 1810
1428 1555
1575 1691
1552 1668
1496 1633
1437 1613
1496 1596
1499 1657
1933 1984
1508 1648
1406 1534
1467 1599
1536 1649
1274 1486
1537 1666
1446 1580
1522 1644
1775 1857
1521 1683
1560 1658
1457 1599
2043 2113
1414 1545
1506 1616
1577 1667
1532 1627
1478 1622
1407 1526
1513 1611
1600 1719
1486 1617
1557 1656
1584 1712
1521 1627
1494 1606
1545 1659
390 863
1557 1669
1413 1542
1419 1582
1470 1628
1495 1616
1525 1639
1505 1622
1783 1861
1510 1627
2059 2096
1815 1883
1943 1999
1532 1647
1435 1557
1560 1677
1521 1642
1628 1738
1816 1904
1468 1582
1529 1648
370 842
1460 1599
1495 1625
2040 2081
1751 1852
1557 1673
1508 1634
1904 1986
1734 1845
1536 1656
1484 1618
1417 1555
1495 1601
1964 2012
1655 1756
1528 1649
1503 1630
1535 1636
1681 1760
1442 1576
1479 1610
1522 1674
1474 1591
1452 1589
1386 1576
1656 1756
1498 1622
1725 1824
1575 1688
1526 1624
1476 1602
1467 1590
1522 1650
1570 1691
1512 1652
508 907
2076 2109
1457 1583
1504 1646
1473 1615
1538 1656
1503 1606
1422 1547
1489 1623
1556 1671
1394 1560
1493 1605
1492 1623
1574 1691
1515 1616
1902 1962
1497 1605
1455 1572
1523 1620
1467 1617
1587 1700
1465 1594
1477 1629
1757 1848
1444 1559
1506 1628
1913 1990
1552 1646
1496 1614
1547 1695
1502 1611
1525 1660
2089 2117
1507 1617
1503 1610
1502 1629
1477 1582
1475 1595
1680 1763
1488 1616
1432 1600
1424 1567
1417 1571
1434 1583
2064 2110
1364 1508
1542 1665
1460 1589
1568 1699
1538 1694
1507 1653
1521 1669
1596 1713
1419 1561
1890 1966
1396 1536
1603 1739
1530 1665
2015 2056
1430 1583
1516 1653
1595 1693
1527 1647
1476 1606
1378 1538
1508 1628
486 888
1510 1632
1878 1941
450 879
1577 1700
1517 1625
1554 1680
1508 1616
1731 1805
1414 1532
1492 1616
1585 1697
1562 1664
1502 1617
1530 1636
1451 1611
1327 1513
1731 1825
1536 1678
1406 1557
1790 1872
1510 1668
1779 1846
1549 1680
1990 2032
1551 1667
1542 1654
1515 1632
1448 1594
1763 1849
1826 1896
1483 1631
1484 1621
1489 1623
1395 1495
1365 1495
1935 2000
1740 1824
1665 1764
1471 1593
2024 2065
1466 1594
1551 1652
1475 1624
1493 1620
1489 1633
1524 1649
1473 1611
2176 2212
1410 1555
1391 1516
1499 1605
1574 1678
1487 1614
1696 1787
1495 1613
1577 1690
1391 1533
1554 1692
1435 1573
1608 1713
1723 1803
398 855
1485 1608
1462 1615
2202 2250
1494 1613
1566 1687
1847 1927
2031 2091
1879 1950
1489 1611
1398 1549
1573 1682
1440 1598
1707 1777
1619 1707
1594 1695
1594 1668
391 848
2046 2084
1439 1602
1934 2012
1458 1603
1601 1716
1904 1968
1483 1592
1591 1696
1528 1645
1990 2038
1534 1656
1594 1705
1565 1717
1429 1563
1698 1790
1892 1944
1548 1658
1783 1862
1509 1619
1450 1595
1545 1698
1549 1661
1439 1560
1502 1642
1706 1798
1941 1997
1414 1575
1945 1996
1530 1636
1326 1500
1990 2020
1959 2035
1526 1622
1458 1588
1435 1621
1423 1584
1875 1950
1452 1588
1445 1564
1903 1970
1425 1569
1439 1577
463 857
1438 1606
1538 1662
1516 1648
1527 1673
1482 1599
2010 2077
1436 1555
1664 1779
1573 1689
1476 1607
1449 1583
1590 1713
465 885
1492 1618
1578 1697
1655 1738
1529 1651
1589 1685
1236 1452
1574 1685
1448 1575
1440 1578
1525 1654
1748 1845
432 908
1603 1713
1458 1599
1618 1723
1508 1632
1817 1909
1530 1664
1446 1601
1908 1972
1439 1549
1535 1648
1608 1719
1577 1677
1471 1616
1594 1716
1561 1678
444 911
1530 1624
1569 1684
1508 1629
1378 1551
1910 1961
1911 1982
1562 1657
1483 1612
2079 2105
1830 1916
1455 1583
1541 1665
1519 1646
1570 1694
1529 1638
1574 1686
1421 1576
1432 1617
1431 1574
1949 2028
1458 1580
1582 1693
1753 1828
1527 1646
1678 1776
1497 1604
1589 1699
1835 1890
1608 1735
1585 1681
1756 1842
1510 1631
1523 1641
1439 1597
1835 1924
1572 1681
1407 1583
1611 1727
1438 1579
1687 1792
1413 1574
1806 1887
1667 1769
1533 1631
1620 1735
1425 1539
1411 1555
1574 1701
1453 1618
1414 1539
1354 1516
1560 1679
1539 1645
1309 1504
1879 1949
1617 1712
1494 1620
1507 1666
1549 1678
1466 1603
1962 2007
1698 1790
1520 1647
1545 1652
1466 1603
1662 1765
1542 1683
1470 1603
1498 1627
1759 1840
1426 1566
1621 1732
1540 1667
1403 1525
1432 1569
1468 1578
1589 1674
1437 1573
1584 1696
1381 1538
1363 1504
1518 1634
1433 1567
2257 2265
1454 1582
1469 1603
1554 1698
2008 2047
1568 1705
1473 1641
1477 1604
1577 1687
1482 1605
1521 1654
1461 1597
1507 1638
1397 1573
1563 1693
1929 1987
1849 1928
434 871
1569 1655
1575 1701
1520 1634
1502 1637
1711 1803
1536 1687
1472 1594
1762 1859
1743 1813
1535 1636
1999 2040
1488 1593
1856 1929
1408 1564
1571 1701
1565 1670
1515 1624
1579 1698
2081 2117
1432 1552
1804 1906
1658 1757
1974 2033
1867 1939
2086 2109
1460 1579
1504 1644
1445 1574
1572 1702
1562 1678
1783 1869
1771 1847
1741 1823
1892 1961
1705 1811
1451 1581
1486 1606
1543 1671
1487 1614
1614 1704
1667 1777
2115 2154
1977 2036
1532 1685
1427 1589
1532 1662
1517 1616
1535 1658
1450 1586
1605 1704
1467 1578
1504 1637
1514 1629
1527 1640
1515 1649
1512 1628
1488 1615
1474 1626
1537 1670
1480 1602
1480 1611
1458 1601
1458 1616
1442 1558
1482 1606
357 812
1430 1537
1498 1620
1591 1709
1445 1586
1617 1757
1473 1593
1469 1588
1997 2034
1488 1618
1920 2008
1503 1628
1508 1645
1484 1602
1507 1617
1853 1924
1832 1918
1467 1589
1505 1611
1545 1679
1636 1696
1465 1604
1808 1871
1448 1593
1537 1642
1435 1592
1639 1749
1526 1652
1744 1835
1519 1614
1527 1666
1592 1710
1481 1601
2098 2129
2082 2116
1944 2022
1515 1625
1447 1593
1518 1638
1596 1716
1443 1560
1535 1640
1367 1529
1613 1735
1651 1756
1488 1622
1479 1633
1449 1577
1454 1610
1472 1596
1539 1670
1445 1597
1709 1801
1775 1841
1782 1877
1796 1882
2018 2071
1542 1644
1524 1657
1580 1666
1455 1607
1485 1598
1971 2040
1517 1614
1620 1721
1519 1658
1837 1909
1482 1590
1429 1545
1435 1577
1528 1639
1637 1740
1459 1611
1531 1659
1516 1666
1477 1599
1634 1747
2112 2157
1615 1702
1427 1568
1594 1689
1514 1632
1578 1676
2094 2147
1595 1726
1585 1675
1500 1624
1789 1889
1494 1603
1463 1599
1483 1624
1976 2073
1693 1767
1658 1773
1490 1597
1592 1678
1618 1719
1544 1684
1502 1615
2167 2202
1756 1855
1429 1577
1534 1644
1562 1694
1557 1666
1607 1701
1301 1485
1395 1526
1438 1585
1786 1879
1461 1584
1460 1594
2084 2131
1486 1612
1475 1599
1471 1595
1464 1592
1498 1627
1542 1666
1660 1765
1952 2023
1528 1659
1500 1614
1532 1672
426 818
1407 1536
1469 1588
1543 1681
1515 1633
1532 1636
1524 1647
1543 1666
1521 1659
1460 1565
1525 1636
1442 1584
1541 1644
1463 1601
1582 1677
1496 1624
1484 1617
1506 1631
1490 1610
1872 1962
1681 1796
1619 1747
426 814
1709 1811
1754 1838
1477 1619
1435 1579
2044 2085
1594 1700
1558 1674
1509 1623
1588 1695
1478 1620
1532 1660
1446 1580
1403 1558
1547 1663
1862 1945
1527 1644
1461 1579
1520 1605
1386 1548
1916 1989
1504 1629
1538 1649
502 925
1492 1624
1182 1360
1567 1680
1709 1795
1608 1721
1564 1678
1449 1556
1592 1730
2051 2084
1512 1638
1539 1650
1516 1671
1468 1601
1751 1825
1640 1757
1681 1775
1438 1566
1416 1570
1561 1681
1484 1615
1552 1671
1584 1701
1492 1608
399 865
1436 1564
1554 1677
1529 1659
1516 1669
1461 1585
1589 1706
481 895
1606 1708
1522 1629
1556 1659
1504 1635
1440 1594
827 1115
1521 1642
1553 1665
1931 1996
1565 1663
1506 1616
1759 1848
1538 1665
1519 1636
1465 1615
1406 1529
1624 1702
1511 1618
1475 1626
1531 1640
1626 1736
1408 1548
1632 1796
1491 1623
1536 1662
1599 1703
1489 1609
420 910
1588 1719
1546 1654
1327 1466
398 839
1461 1607
1510 1621
1754 1836
1495 1609
1508 1630
1639 1761
1523 1655
1484 1604
1947 2003
1470 1591
1389 1580
1548 1687
1546 1657
1576 1687
1594 1706
1497 1637
1454 1626
2227 2242
1482 1607
1548 1655
1547 1665
2237 2254
1482 1622
1372 1514
1532 1682
1477 1609
1496 1629
1393 1550
1472 1609
1510 1627
1589 1693
1524 1651
1568 1687
1528 1635
1456 1588
1519 1641
1532 1682
1481 1627
1871 1943
1488 1609
1566 1669
1616 1724
1526 1628
1577 1662
1436 1560
1426 1566
836 1094
1270 1441
2042 2071
1581 1674
1424 1556
1540 1631
2038 2078
1518 1634
2053 2131
2152 2197
1528 1629
1553 1665
1860 1925
1899 1976
1534 1651
1461 1587
1496 1628
1841 1940
1566 1698
2036 2083
1533 1657
463 858
1474 1612
1852 1915
1640 1755
2074 2113
1495 1617
1525 1632
398 820
1645 1747
1586 1682
2085 2125
403 837
1451 1575
1496 1635
1485 1614
1448 1572
1462 1617
1576 1695
1619 1743
1506 1640
1434 1547
1528 1624
1489 1617
2025 2079
1428 1556
1674 1747
2259 2286
1700 1812
1504 1632
1371 1528
1564 1668
1393 1521
1484 1620
1681 1795
1528 1638
1535 1635
1454 1605
1471 1598
1686 1791
2132 2182
1477 1604
1579 1698
1662 1762
1470 1624
1599 1698
1545 1658
1340 1511
1522 1639
1409 1565
1483 1599
2086 2131
1602 1701
1585 1683
1394 1537
1360 1494
1525 1629
1594 1699
1581 1680
1502 1633
1661 1796
1559 1667
1500 1636
1560 1656
1417 1562
1547 1679
1542 1652
1732 1793
1569 1708
1569 1672
1604 1702
1558 1671
2067 2109
1503 1630
1373 1508
1580 1684
1518 1627
1401 1553
1474 1606
1566 1685
1582 1687
1575 1683
2044 2079
1839 1905
1548 1644
1601 1717
1482 1604
1448 1600
817 1100
1396 1549
1698 1796
1546 1657
1521 1656
1649 1750
1526 1633
1508 1656
1575 1672
1571 1681
1525 1650
1515 1695
1515 1663
1516 1612
1531 1638
1513 1612
1897 1972
1862 1953
1515 1669
1994 2049
1686 1790
1562 1665
1554 1666
1532 1665
1466 1600
1928 1983
2006 2084
1503 1616
1586 1734
1474 1612
1501 1619
1482 1621
1415 1541
1493 1634
1668 1785
1446 1584
2038 2075
1489 1611
1602 1716
1493 1617
1501 1630
1479 1604
1597 1703
1433 1572
1481 1618
1400 1548
1451 1594
1566 1670
1585 1687
1460 1581
458 851
1558 1686
1464 1585
1499 1598
1562 1668
1449 1603
1489 1609
1438 1563
1574 1678
1605 1696
1460 1587
1647 1749
1618 1726
1514 1631
2021 2070
1827 1928
1486 1629
1908 1966
1570 1676
1507 1609
1584 1708
1534 1651
1479 1635
1896 1975
1417 1549
1525 1670
1579 1686
1481 1620
1501 1638
1399 1529
767 1070
2079 2122
1501 1643
1512 1647
1546 1657
1668 1763
1598 1708
520 933
1616 1700
1536 1658
1689 1797
1485 1612
1616 1702
1796 1894
1597 1731
1901 1957
1338 1478
1474 1614
1512 1649
1494 1618
1502 1629
1461 1587
1402 1556
1515 1636
1666 1784
1479 1608
1499 1650
1482 1585
1516 1651
2015 2057
1488 1620
1564 1670
1467 1608
1456 1589
1905 1970
1465 1594
1584 1694
1382 1511
1506 1660
1515 1645
1563 1679
1673 1788
1587 1700
1450 1580
1512 1636
2010 2040
1430 1566
1484 1606
1530 1659
1497 1622
1912 1969
1736 1811
1488 1641
1582 1700
1412 1542
1475 1621
1936 1986
1567 1657
1725 1807
1593 1715
1550 1666
1532 1624
1760 1834
1314 1462
1435 1622
1941 1992
1741 1812
2040 2073
1537 1677
1508 1626
1620 1730
1630 1740
1459 1627
1573 1674
1484 1586
1520 1643
1432 1569
1543 1718
1338 1482
1502 1637
2002 2063
1474 1598
1524 1655
802 1082
1491 1614
1523 1661
2009 2052
1482 1607
1520 1624
1481 1614
1512 1628
1516 1627
1405 1552
1442 1581
1592 1682
1347 1507
449 908
1469 1617
1439 1572
2020 2075
1511 1627
1591 1699
1487 1601
1645 1737
1386 1516
2038 2078
1479 1630
1600 1726
366 865
1318 1466
1467 1624
1463 1592
417 891
1699 1793
1475 1604
1526 1666
1532 1636
1488 1642
1486 1661
1599 1709
2003 2042
1536 1665
460 870
1425 1535
1553 1696
1613 1713
1412 1542
1477 1620
1970 2040
445 916
1707 1819
1682 1796
1517 1630
1584 1697
1964 2037
1385 1517
1543 1651
1523 1641
1956 2013
1492 1619
1435 1579
1511 1626
1586 1696
1561 1683
1461 1580
1601 1711
1374 1533
1609 1710
1552 1690
1592 1684
1384 1527
1476 1606
1551 1676
1880 1956
1487 1635
1491 1599
1956 1992
1558 1699
1517 1636
1918 1991
1595 1699
1548 1659
1517 1647
1603 1712
1504 1624
1404 1526
1502 1624
1812 1922
1820 1946
1597 1683
1546 1636
2019 2082
1511 1638
1540 1667
1656 1766
1490 1583
1422 1560
1478 1632
1524 1642
1715 1810
1640 1744
1504 1602
1465 1590
520 899
2060 2098
1500 1611
393 854
1551 1660
1509 1617
425 883
1527 1649
1557 1666
1683 1762
1486 1606
1506 1618
1566 1689
1651 1733
1514 1630
1509 1653
1515 1654
1477 1606
1806 1868
1543 1683
1499 1610
439 888
1449 1575
1545 1654
1537 1653
1395 1533
1416 1546
1557 1657
1470 1620
1503 1600
1526 1638
357 853
1470 1605
1457 1570
1511 1625
1533 1675
1484 1607
1557 1654
1486 1617
466 816
2045 2081
1471 1628
1321 1506
1881 1963
1949 2007
1517 1640
1948 2020
1554 1650
1564 1687
1429 1586
1539 1640
1473 1592
1763 1873
1450 1570
1575 1671
2017 2086
1527 1628
1500 1641
1872 1927
1484 1606
1591 1705
1863 1921
1521 1641
1520 1626
1546 1663
1435 1609
1539 1658
1559 1686
1502 1639
1519 1652
1583 1730
1396 1534
1533 1658
1448 1615
2110 2171
1990 2042
1574 1682
2041 2082
1573 1684
1326 1482
1527 1654
1836 1897
1470 1620
1510 1617
486 916
1370 1532
1562 1684
1608 1716
1510 1605
1586 1692
1450 1586
1458 1604
1464 1606
1562 1677
1530 1635
1539 1665
1504 1652
1451 1587
1492 1620
1446 1600
1394 1555
2023 2049
1802 1886
1573 1698
1635 1762
1497 1632
1597 1707
1673 1753
1558 1664
360 849
1514 1637
1932 2012
516 899
1974 2027
1490 1604
1404 1552
1501 1602
1405 1577
1471 1600
1532 1635
1503 1649
1513 1619
526 922
1845 1901
1542 1664
1501 1634
1523 1638
1564 1669
1529 1661
1515 1646
1564 1674
1565 1686
1727 1835
1479 1612
1568 1675
1501 1637
1786 1860
1518 1632
1604 1698
1586 1693
1754 1837
1478 1610
2065 2098
1550 1647
1454 1606
1521 1633
1690 1795
1453 1566
1573 1678
1544 1688
1525 1637
2011 2072
1476 1577
1487 1617
1533 1646
1482 1626
1424 1546
1458 1591
2093 2129
