30
34
33
57
14
14
46
32
21
19
29
25
57
3
21
26
38
32
32
27
17
33
34
26
18
24
21
28
161
31
37
12
47
45
19
26
18
31
14
22
29
48
20
34
36
19
8
67
37
29
32
40
28
27
30
20
28
17
9
23
37
31
20
31
42
29
34
41
161
33
20
23
11
30
31
25
48
62
22
35
25
26
18
23
28
21
29
38
69
14
31
40
24
32
12
30
33
153
36
19
36
26
38
61
30
59
33
32
51
34
41
28
22
53
13
32
33
33
47
26
23
21
42
18
30
24
21
31
40
79
28
21
41
21
25
32
21
36
39
39
33
153
74
25
24
30
36
55
33
18
36
25
48
39
43
40
24
40
38
43
47
32
29
21
38
31
37
12
18
23
15
49
114
44
28
27
37
39
27
26
25
12
46
33
50
22
35
37
43
17
19
41
200
19
24
29
59
26
77
34
43
39
11
28
53
26
39
18
30
53
7
49
15
33
26
13
135
65
16
25
9
12
42
24
60
16
22
58
10
22
31
36
33
18
25
18
36
22
17
53
32
44
28
52
60
37
40
13
25
50
29
25
45
23
129
38
22
45
13
22
29
25
127
17
17
26
41
91
28
26
17
22
32
28
35
17
45
12
62
30
21
30
31
48
31
54
154
29
55
46
161
16
25
38
44
42
30
17
64
28
33
32
159
27
30
37
37
29
22
26
26
20
28
31
10
47
38
37
117
7
21
22
41
54
28
19
29
24
82
17
34
34
21
30
24
43
15
22
87
37
22
28
34
33
53
41
41
27
50
35
33
48
27
33
29
22
17
22
18
35
32
23
30
37
36
20
16
48
25
34
197
28
36
42
37
26
30
14
33
33
38
42
31
73
21
36
57
31
24
26
44
68
22
18
20
21
58
242
38
43
76
33
32
18
16
22
40
20
40
21
36
25
29
168
19
56
30
31
32
47
26
49
42
10
36
19
23
51
33
45
18
24
48
61
16
72
42
30
85
27
85
29
49
11
27
55
27
27
30
33
51
22
19
21
29
29
23
18
45
42
17
44
22
43
43
30
45
33
25
13
23
27
19
22
28
27
22
52
27
127
56
60
28
28
28
33
25
29
33
112
11
26
15
21
21
26
34
19
30
11
30
30
22
22
27
52
54
28
48
20
35
14
40
22
24
49
26
20
39
26
40
32
38
20
7
98
9
44
50
22
13
36
22
15
33
67
34
32
48
22
39
23
29
185
39
44
47
32
24
24
36
27
26
24
23
24
14
27
31
42
25
44
30
44
22
20
31
47
43
28
34
44
24
34
24
105
32
24
28
46
17
24
25
33
38
21
27
48
38
27
86
42
28
39
28
32
40
21
56
26
31
20
18
25
26
16
32
40
28
17
28
29
38
46
26
28
32
29
52
37
50
149
30
35
41
60
61
41
41
9
28
25
23
13
27
26
35
18
35
12
23
42
20
31
28
30
19
22
22
44
34
27
46
28
40
141
65
22
11
29
30
33
16
41
33
36
28
42
34
14
71
19
22
44
33
20
49
30
28
54
31
33
30
19
17
36
47
39
25
62
23
24
46
36
33
109
19
25
32
45
30
12
23
37
32
29
26
15
146
55
16
30
26
37
16
21
16
25
34
42
48
18
61
20
193
25
51
43
22
34
55
33
21
33
21
29
28
34
35
39
33
33
35
24
29
38
24
19
29
15
35
44
28
17
24
19
41
47
18
46
159
30
31
25
24
42
34
11
95
23
19
51
28
10
18
26
30
9
47
50
25
34
149
27
26
32
33
42
27
47
44
32
26
34
159
20
34
271
24
36
31
29
29
26
8
30
32
24
45
33
54
38
23
19
15
21
46
95
37
34
40
36
11
60
15
18
22
62
39
29
28
157
65
64
33
25
44
16
27
31
53
22
24
17
35
48
30
18
39
61
29
36
18
35
25
49
20
37
29
138
65
34
38
18
44
31
51
35
23
33
19
22
25
17
36
30
27
27
36
37
51
42
34
20
16
15
37
161
20
38
34
57
30
22
38
19
21
15
95
41
34
31
22
19
37
27
51
28
39
9
29
244
37
50
37
57
31
18
40
45
55
36
34
21
24
29
38
38
36
34
35
23
78
29
27
26
34
16
15
24
38
27
23
30
52
24
48
162
55
26
25
33
28
21
18
40
32
21
25
33
72
38
7
14
16
23
39
20
55
36
41
28
22
33
60
64
22
49
30
14
37
42
23
30
31
29
18
41
22
34
31
30
25
11
22
48
23
26
25
27
39
17
25
30
40
37
21
52
39
67
23
38
27
132
34
39
19
34
33
42
187
30
77
39
82
26
33
22
38
24
18
38
21
24
30
23
21
73
37
39
9
32
27
38
39
24
31
26
30
36
88
31
17
18
28
36
48
26
39
28
72
35
20
43
47
20
28
23
24
35
24
22
20
34
33
45
27
29
15
52
35
206
40
30
39
37
38
35
34
23
45
39
31
72
19
34
56
45
30
38
22
33
30
49
21
27
16
56
64
17
34
25
25
31
48
33
35
29
27
34
26
25
10
48
36
113
24
36
18
49
53
27
53
37
25
32
47
38
19
29
19
29
19
24
50
35
65
41
19
28
9
29
42
33
39
18
13
38
27
16
67
44
38
13
36
47
30
84
17
21
24
39
32
30
21
15
36
36
33
51
43
30
22
28
35
25
35
31
24
29
75
51
28
149
28
202
4
32
21
97
33
27
22
46
49
27
17
29
40
31
43
25
24
22
45
44
59
46
72
26
20
37
56
34
31
19
17
33
21
51
32
41
19
23
37
29
31
28
16
39
19
41
38
22
24
23
21
36
19
22
24
26
36
53
19
25
41
54
59
39
18
23
23
25
16
23
33
34
48
26
20
177
51
28
213
14
56
52
18
18
32
39
32
22
11
43
42
31
21
32
221
40
46
51
26
10
21
25
39
41
28
28
41
30
7
41
16
15
81
37
29
28
34
52
50
19
27
52
23
18
42
19
34
20
25
19
27
26
20
139
58
19
29
58
58
17
25
39
52
50
30
71
29
34
15
25
57
32
35
18
304
17
16
21
56
36
26
57
41
37
14
24
63
46
50
33
30
10
24
30
108
44
21
32
19
9
40
13
23
10
31
34
17
32
27
33
47
34
29
25
33
26
38
42
22
40
34
40
41
24
197
17
168
54
36
57
14
45
32
45
31
50
19
45
44
56
20
44
23
26
32
24
32
31
25
46
27
28
27
33
56
143
17
19
17
44
42
32
28
46
30
29
28
66
18
72
28
40
124
31
47
30
37
36
24
40
40
45
188
20
38
30
63
21
20
54
31
35
8
35
46
21
37
31
35
18
35
32
19
39
31
15
21
242
43
32
41
14
37
34
40
11
28
155
30
30
26
10
24
27
60
21
40
21
35
42
54
41
31
19
38
42
33
127
33
36
39
37
7
34
40
33
73
31
65
38
49
17
60
25
45
42
184
23
55
52
27
20
22
52
42
60
37
25
17
24
20
177
38
22
19
71
49
23
24
28
39
32
25
49
37
209
186
28
16
12
34
24
17
40
39
39
44
40
39
28
46
21
33
13
32
38
21
22
29
25
31
28
13
69
59
115
31
68
26
32
31
46
15
49
22
195
39
32
68
55
33
24
59
47
24
28
21
7
34
27
29
50
103
24
15
58
25
38
16
17
37
34
8
68
19
9
32
39
14
29
30
57
23
103
41
38
25
24
35
21
24
68
38
32
34
143
26
37
41
22
22
23
39
48
22
40
167
49
229
37
42
25
16
25
36
32
29
47
21
20
30
40
48
34
25
51
41
39
57
25
23
26
59
26
26
27
22
30
21
55
25
21
31
27
25
18
18
25
21
60
41
19
4
35
19
45
23
24
5
54
34
21
43
36
18
22
32
130
36
18
25
19
22
38
22
25
52
29
32
9
38
27
17
50
26
24
23
17
16
43
21
61
25
22
78
18
33
47
16
57
187
28
33
38
28
17
60
45
11
76
23
323
19
21
10
40
46
38
40
29
9
12
22
31
25
31
20
24
42
21
58
31
43
24
32
30
32
42
30
30
47
50
40
15
14
9
21
32
21
24
38
38
45
140
41
29
28
45
38
71
26
20
33
17
29
32
34
28
151
19
18
49
31
46
25
27
23
29
18
21
22
46
28
16
17
28
27
37
15
11
27
21
76
20
18
26
45
29
24
27
24
19
40
41
33
33
27
22
32
25
44
45
32
24
17
18
34
12
42
19
31
41
26
25
39
38
26
19
26
20
20
21
17
30
49
33
30
36
26
37
32
41
33
38
46
26
37
22
45
24
45
101
26
33
27
14
34
5
19
29
19
29
40
24
22
22
37
29
23
22
28
21
26
29
28
21
68
26
32
22
38
34
14
24
46
35
46
23
27
27
38
24
25
31
19
28
39
17
41
40
27
17
41
32
24
141
32
40
52
29
22
17
39
26
27
32
20
52
37
37
21
25
33
50
40
46
32
38
25
24
30
36
19
16
20
45
29
31
25
30
24
10
14
33
