(base) hrvoje@hrvoje-ThinkPad-E16-Gen-1:~/TPpodatci/faks/4.godina/bioinf2/bioinformatics2/tests$ ./test4
1322 1401
1962 2004
1489 1561
1474 1542
1421 1489
1411 1481
1509 1562
244 521
1515 1547
1226 1296
1472 1535
1320 1394
1948 1974
1422 1502
1390 1457
2057 2071
1357 1425
1442 1498
1592 1629
1983 2003
1506 1558
1371 1446
1412 1476
1507 1556
1538 1585
1812 1853
2024 2095
1400 1485
315 547
1278 1316
1483 1568
1405 1484
1482 1522
1308 1383
1533 1581
1400 1463
1438 1505
1426 1487
1380 1433
2007 2016
1391 1444
1292 1386
188 523
1828 1867
1349 1473
1241 1325
304 597
1750 1795
1513 1588
1441 1506
1077 1251
1632 1710
1466 1514
1450 1504
1806 1875
1465 1514
1490 1551
1480 1535
1300 1373
1390 1447
1474 1533
1258 1342
1354 1430
1746 1798
1413 1479
1338 1446
1690 1732
1881 1895
1329 1447
1264 1376
1392 1457
1536 1566
1225 1303
1719 1780
1420 1479
1488 1528
1482 1545
1357 1432
1336 1399
1240 1357
1436 1495
1712 1770
1416 1469
1631 1669
1755 1786
1426 1472
1473 1555
1303 1375
1586 1624
1399 1468
1408 1463
1909 1968
1414 1476
1517 1570
1423 1487
1555 1635
1341 1437
1657 1728
1433 1494
1338 1449
122 460
1417 1490
1529 1568
1429 1468
1283 1374
2065 2082
1580 1624
1270 1444
1337 1439
1459 1495
1320 1369
1594 1624
1421 1498
1363 1477
1817 1860
1377 1431
1348 1409
1882 1900
1687 1758
1478 1519
1500 1550
1906 1934
1308 1445
1526 1599
1458 1532
1331 1434
1470 1540
1665 1770
1567 1617
1595 1632
2037 2089
1497 1570
1321 1433
1221 1304
1617 1682
1332 1422
1568 1615
1442 1538
1906 1943
1433 1511
1465 1522
1352 1457
1524 1567
1416 1503
1417 1483
1726 1753
1497 1538
1488 1571
1384 1497
1230 1285
1531 1584
1848 1880
1435 1489
1506 1573
1840 1884
1425 1475
1499 1551
1402 1496
1434 1486
1463 1516
1642 1689
1479 1523
1271 1341
1735 1797
1396 1494
1310 1373
1349 1442
1456 1511
1413 1499
1402 1474
1455 1593
1442 1523
1389 1453
1521 1561
1517 1573
1446 1535
1458 1494
1576 1636
1409 1464
1413 1478
1518 1568
1445 1504
1319 1432
1280 1372
1369 1430
1466 1560
1801 1841
1442 1578
1776 1801
1461 1505
1442 1491
1460 1554
1372 1441
1306 1365
1395 1449
1359 1492
1478 1524
1556 1600
1747 1786
1360 1403
1945 1967
1421 1491
1576 1636
1419 1477
2088 2100
1511 1571
1516 1569
1400 1533
1368 1419
1618 1660
1264 1344
1504 1583
2032 2052
1255 1426
1412 1482
1831 1865
1296 1362
1289 1397
1365 1414
1342 1479
1508 1542
1414 1470
1394 1512
2033 2050
1236 1302
1502 1561
1765 1809
1324 1406
1455 1495
1357 1477
1392 1465
1533 1574
1539 1613
1908 1932
1476 1547
1844 1871
1581 1627
1439 1478
1786 1827
1480 1528
1372 1457
1323 1393
1469 1498
1525 1572
1840 1893
1475 1551
1674 1712
1321 1391
1705 1735
1774 1806
1562 1626
1437 1485
1369 1421
1498 1548
1412 1503
241 583
1480 1534
1872 1893
1595 1697
1519 1563
1392 1467
1446 1532
1373 1466
1582 1664
1528 1557
152 523
1328 1384
1625 1652
1388 1482
1708 1750
1312 1375
279 595
1583 1612
1380 1449
1308 1413
1400 1515
1382 1446
1441 1504
1209 1359
1472 1505
1307 1386
1430 1498
1429 1501
234 518
1471 1523
1413 1513
1400 1509
1399 1440
1162 1305
1308 1386
1859 1918
1430 1464
1505 1561
1449 1520
1342 1390
1408 1472
1463 1525
1690 1710
1368 1491
1423 1524
1377 1485
1358 1434
1845 1874
1387 1476
1471 1533
1383 1482
1395 1474
1964 2009
1438 1510
1552 1599
1436 1512
1585 1648
1155 1347
1308 1392
1383 1430
112 482
2038 2071
1322 1384
1458 1507
1463 1486
1474 1535
1440 1489
1455 1506
1417 1451
1580 1609
1362 1427
1383 1481
1290 1359
1279 1384
1554 1596
1811 1841
1398 1472
1327 1384
1398 1478
1362 1438
1343 1419
1471 1525
798 923
1297 1401
1321 1381
1301 1360
1582 1636
1475 1528
1468 1526
1236 1314
1570 1613
1360 1441
1873 1921
1383 1433
1527 1563
1500 1548
1459 1516
1553 1618
1481 1534
1439 1495
1538 1620
1795 1839
1820 1857
1417 1503
1350 1407
1312 1401
1555 1611
1356 1423
1457 1498
1768 1817
1383 1465
1095 1226
1327 1413
1360 1414
1477 1552
1201 1254
180 521
1763 1799
1389 1447
1360 1419
1484 1583
1327 1365
1280 1401
1407 1468
1389 1497
1441 1484
1673 1736
1290 1355
1469 1511
598 794
1407 1461
1539 1628
1398 1494
277 581
1343 1441
1360 1424
1715 1776
1247 1354
1204 1248
1544 1581
1505 1547
1244 1319
1367 1433
1500 1550
1856 1933
1416 1471
1435 1474
1510 1554
1955 1976
1498 1571
1505 1588
1340 1458
1926 1960
1312 1375
1146 1210
1404 1488
1331 1414
1428 1474
1484 1557
1436 1491
1423 1556
1472 1523
171 545
2015 2050
1461 1490
1724 1800
537 751
1424 1466
1801 1852
1450 1518
1408 1475
1393 1438
1483 1542
1464 1516
2000 2028
1370 1439
1444 1525
1361 1423
1498 1590
1490 1543
1931 1952
1158 1254
1255 1340
1419 1446
1748 1779
1371 1417
1433 1512
1556 1615
1428 1486
1412 1453
213 556
1426 1486
2010 2047
1439 1511
1580 1614
1562 1608
1427 1480
1272 1386
1308 1440
1467 1497
1461 1505
1230 1315
1475 1552
1224 1322
1467 1500
1410 1474
1236 1364
1444 1486
1514 1533
2087 2155
1417 1490
1155 1267
1850 1887
1295 1396
1558 1619
1321 1402
1673 1700
1509 1551
1425 1489
2124 2147
1612 1695
1335 1396
1468 1510
1394 1450
1475 1510
1481 1555
1466 1537
1495 1578
1295 1343
1578 1605
1405 1464
1831 1878
1353 1430
1450 1508
1469 1516
1264 1375
1564 1607
1391 1465
1439 1491
702 867
1538 1594
1451 1508
1510 1543
1496 1538
1514 1552
1484 1518
1438 1488
1354 1451
1784 1842
1621 1731
1435 1493
1348 1448
1618 1649
1328 1390
1454 1507
1498 1537
1600 1631
1401 1524
1408 1470
1613 1681
1486 1584
1520 1566
208 544
1377 1448
1631 1660
1560 1606
1968 1992
1975 2002
1463 1507
1304 1360
1418 1474
1417 1491
1566 1630
1325 1437
1193 1265
1521 1543
1506 1620
1434 1485
1580 1683
1808 1880
1500 1649
2062 2080
328 569
1296 1395
1349 1430
1485 1525
1327 1404
1231 1306
1902 1935
1250 1302
1930 1965
1628 1684
1319 1431
1449 1493
1402 1472
1357 1441
1412 1495
2030 2061
1391 1446
1571 1624
1402 1497
1322 1401
1252 1325
1351 1447
1415 1490
1216 1280
1408 1455
1916 1936
1186 1284
1296 1390
1526 1579
1421 1476
1274 1345
1438 1525
1624 1672
1541 1580
1428 1496
1504 1628
1465 1511
1498 1576
1538 1607
1332 1444
1258 1323
1446 1492
1484 1539
1552 1584
1762 1803
1407 1481
1448 1485
1346 1419
1399 1495
1549 1594
1466 1550
1773 1806
1482 1534
1156 1289
1381 1464
1333 1411
1428 1516
144 507
1315 1382
1218 1309
1353 1410
1443 1485
1381 1473
161 378
1479 1536
1561 1605
1834 1873
1397 1447
1518 1561
1451 1510
2167 2184
1367 1409
1268 1357
1900 1927
1367 1417
1445 1484
1334 1529
1675 1697
1453 1501
1529 1591
1477 1528
1355 1401
1361 1433
1450 1526
1486 1533
36 483
1367 1409
236 515
1483 1565
1262 1380
1535 1575
1455 1532
2031 2043
1507 1547
131 443
1571 1640
1790 1803
1431 1536
1629 1704
1539 1600
1947 1993
1510 1568
1401 1504
1387 1458
1438 1501
1532 1596
1621 1672
1457 1526
1351 1419
1413 1509
1379 1523
1551 1654
293 546
148 514
1919 1954
1420 1481
1441 1536
1516 1584
1335 1379
1495 1570
1398 1455
1429 1468
1590 1649
1450 1512
1576 1601
1791 1853
1468 1546
1634 1702
1506 1586
1523 1582
1466 1506
1487 1527
1461 1528
1605 1642
1394 1440
1421 1458
1511 1550
1388 1427
1545 1609
1388 1467
1309 1422
1616 1662
1359 1431
1432 1492
1428 1480
1353 1418
1866 1910
1656 1748
1709 1780
1546 1598
2029 2045
1370 1448
1566 1630
1676 1727
1864 1895
1339 1398
1408 1467
1383 1465
1439 1546
1328 1412
1598 1709
1253 1341
1561 1651
1330 1396
1575 1640
1267 1340
1621 1691
1272 1339
1488 1569
1463 1536
1448 1509
1331 1477
1430 1466
1418 1509
1888 1926
1434 1501
1325 1380
1335 1413
1461 1506
1034 1221
1456 1518
1326 1421
1462 1520
1635 1695
1423 1540
1494 1532
1393 1471
1980 2015
1297 1366
1449 1494
1524 1564
1472 1506
1406 1489
1308 1360
1450 1478
1450 1551
1392 1483
1491 1546
1522 1584
1443 1477
1416 1471
1458 1514
97 503
1506 1545
1276 1351
1296 1391
1384 1476
1420 1471
1432 1480
1412 1493
1693 1750
1454 1509
1965 1994
1723 1773
1860 1913
1463 1509
1336 1379
1502 1547
1440 1500
1598 1643
1723 1779
1384 1436
1457 1527
112 463
1353 1440
1398 1468
2012 2024
1670 1734
1493 1540
1391 1446
1814 1864
1613 1703
1433 1500
1325 1406
1311 1406
1416 1464
1899 1929
1568 1615
1444 1501
1428 1489
1451 1502
1621 1651
1356 1432
1430 1495
1417 1506
1389 1462
1408 1459
1233 1402
1608 1652
1408 1485
1650 1704
1491 1548
1463 1506
1400 1448
1404 1452
1435 1513
1492 1563
1456 1520
277 575
2034 2040
1337 1407
1414 1519
1408 1476
1464 1520
1437 1477
1332 1403
1430 1486
1458 1534
1280 1379
1388 1435
1369 1454
1485 1570
1441 1480
1869 1893
1421 1473
1381 1423
1474 1512
1346 1444
1434 1495
1372 1437
1316 1436
1645 1708
1375 1430
1427 1477
1826 1872
1465 1514
1441 1480
1473 1549
1457 1487
1417 1514
2032 2047
1385 1463
1395 1459
1394 1469
1375 1423
1382 1422
1609 1649
1373 1430
1345 1443
1322 1417
1320 1414
1343 1420
2016 2050
1251 1323
1450 1511
1391 1448
1499 1579
1431 1555
1417 1487
1416 1541
1509 1581
1335 1389
1845 1876
1273 1343
1535 1628
1454 1515
1946 1967
1359 1430
1447 1522
1522 1555
1422 1482
1362 1441
1206 1361
1378 1452
299 566
1468 1509
1764 1801
259 546
1478 1553
1427 1483
1452 1540
1438 1488
1698 1717
1260 1316
1390 1469
1549 1587
1493 1542
1407 1475
1440 1492
1330 1478
1221 1338
1617 1682
1430 1510
1269 1363
1745 1786
1422 1533
1697 1731
1470 1529
1948 1963
1476 1523
1509 1541
1474 1515
1382 1476
1676 1709
1760 1785
1402 1479
1424 1483
1404 1482
1317 1346
1281 1335
1878 1914
1640 1706
1590 1642
1326 1380
2000 2011
1346 1403
1478 1521
1418 1493
1415 1492
1379 1466
1443 1493
1403 1450
2136 2170
1312 1397
1274 1321
1445 1483
1487 1516
1409 1459
1596 1646
1367 1448
1466 1547
1277 1342
1425 1531
1385 1434
1548 1589
1632 1690
72 466
1425 1482
1402 1472
2159 2191
1429 1484
1513 1571
1749 1826
1958 2020
1807 1844
1378 1441
1320 1389
1516 1572
1322 1434
1677 1700
1581 1623
1498 1550
1522 1548
76 466
1965 1986
1339 1444
1865 1918
1347 1423
1539 1593
1746 1786
1403 1445
1534 1566
1450 1515
1927 1965
1412 1510
1561 1589
1465 1583
1350 1395
1605 1658
1808 1838
1450 1501
1675 1729
1464 1496
1336 1414
1473 1584
1450 1513
1337 1392
1380 1472
1617 1680
1861 1889
1268 1402
1885 1906
1458 1521
1190 1298
1933 1940
1832 1892
1441 1480
1354 1424
1342 1453
1315 1414
1839 1872
1319 1434
1388 1441
1855 1887
1314 1406
1318 1400
309 501
1300 1440
1499 1544
1408 1486
1440 1525
1297 1368
1931 1980
1357 1435
1583 1674
1454 1527
1449 1490
1353 1435
1497 1577
233 523
1342 1434
1509 1552
1616 1648
1433 1484
1516 1558
1025 1236
1532 1574
1352 1419
1311 1379
1443 1522
1661 1719
170 556
1561 1594
1377 1447
1562 1609
1412 1479
1719 1814
1455 1525
1380 1448
1802 1867
1322 1373
1457 1516
1554 1605
1520 1556
1387 1456
1538 1594
1482 1539
170 558
1457 1492
1540 1584
1436 1483
1306 1397
1865 1893
1800 1866
1499 1535
1414 1493
2007 2020
1745 1798
1383 1426
1447 1525
1448 1504
1462 1533
1439 1503
1491 1547
1305 1395
1287 1422
1364 1420
1909 1944
1362 1418
1558 1582
1672 1706
1476 1522
1623 1685
1409 1440
1523 1586
1802 1826
1470 1556
1514 1562
1642 1712
1447 1518
1457 1503
1344 1463
1748 1848
1489 1545
1240 1377
1503 1594
1333 1403
1633 1693
1236 1398
1713 1761
1599 1673
1483 1514
1555 1601
1348 1396
1228 1322
1520 1599
1345 1444
1318 1377
1265 1346
1473 1530
1458 1501
1128 1303
1778 1825
1547 1596
1425 1480
1389 1542
1432 1491
1376 1461
1902 1927
1617 1677
1462 1516
1485 1529
1347 1423
1613 1668
1438 1551
1401 1443
1432 1488
1711 1734
1270 1347
1517 1595
1486 1530
1283 1347
1284 1367
1360 1413
1512 1551
1348 1418
1488 1568
1254 1337
1150 1235
1440 1498
1328 1390
2218 2221
1365 1438
1380 1454
1493 1581
1960 1976
1490 1568
1349 1471
1433 1486
1528 1581
1425 1475
1470 1521
1332 1434
1420 1486
1246 1398
1522 1576
1887 1912
1801 1860
191 534
1485 1535
1472 1566
1424 1471
1378 1478
1643 1694
1423 1552
1374 1457
1682 1758
1655 1689
1448 1499
1960 1977
1374 1422
1782 1829
1300 1390
1520 1572
1516 1567
1471 1512
1516 1589
2048 2072
1289 1368
1693 1764
1598 1637
1878 1929
1789 1833
2035 2044
1377 1446
1447 1533
1334 1399
1494 1581
1505 1547
1696 1738
1723 1745
1654 1708
1880 1895
1621 1704
1313 1393
1432 1497
1477 1546
1413 1490
1521 1563
1562 1636
2040 2072
1965 1989
1460 1545
1271 1392
1422 1511
1430 1475
1447 1503
1338 1421
1581 1611
1392 1424
1435 1503
1415 1495
1464 1503
1437 1526
1440 1502
1401 1460
1345 1421
1423 1492
1363 1457
1393 1471
1356 1436
1363 1468
1346 1408
1383 1455
119 426
1286 1350
1384 1441
1489 1612
1347 1430
1515 1636
1367 1438
1371 1445
1880 1905
1369 1439
1840 1909
1419 1487
1424 1508
1408 1467
1423 1473
1805 1849
1734 1800
1373 1434
1418 1457
1461 1533
1523 1550
1388 1470
1685 1724
1346 1422
1458 1518
1346 1428
1577 1638
1450 1507
1672 1715
1420 1456
1409 1493
1547 1596
1390 1434
2041 2057
2034 2056
1863 1951
1422 1484
1381 1447
1452 1494
1538 1604
1341 1396
1477 1521
1224 1357
1559 1608
1581 1639
1419 1484
1273 1436
1384 1427
1349 1434
1352 1410
1447 1529
1361 1443
1667 1694
1718 1745
1677 1749
1696 1757
1991 2010
1455 1498
1449 1520
1481 1524
1346 1439
1397 1452
1934 1972
1436 1474
1526 1589
1390 1490
1738 1782
1413 1448
1261 1319
1309 1381
1453 1505
1556 1606
1357 1438
1450 1531
1427 1537
1381 1437
1475 1548
2067 2098
1562 1601
1313 1388
1565 1605
1405 1458
1518 1559
2030 2077
1511 1607
1513 1551
1407 1472
1721 1797
1384 1464
1421 1463
1360 1439
1889 1998
1603 1636
1599 1676
1390 1436
1531 1582
1555 1628
1427 1518
1419 1467
2102 2122
1690 1760
1307 1429
1486 1536
1472 1548
1494 1537
1582 1604
1153 1268
1299 1362
1313 1414
1669 1726
1351 1417
1383 1466
2057 2078
1372 1448
1358 1418
1368 1418
1381 1445
1426 1496
1469 1530
1593 1660
1918 1960
1438 1541
1425 1474
1448 1528
207 448
1295 1355
1391 1438
1510 1557
1473 1521
1454 1496
1386 1446
1501 1544
1449 1517
1370 1416
1441 1491
1350 1450
1451 1500
1356 1481
1513 1549
1389 1459
1367 1455
1426 1481
1410 1461
1820 1871
1591 1657
1517 1603
86 405
1626 1699
1679 1712
1381 1480
1291 1401
1993 2016
1555 1588
1501 1542
1452 1499
1524 1567
1370 1459
1451 1527
1344 1430
1235 1344
1445 1501
1776 1852
1441 1514
1372 1429
1462 1479
1262 1353
1851 1897
1386 1455
1461 1513
239 596
1396 1467
1045 1168
1465 1537
1571 1620
1452 1547
1510 1557
1361 1417
1483 1585
1977 1994
1425 1501
1478 1520
1385 1522
1397 1465
1676 1711
1553 1635
1615 1669
1323 1386
1334 1414
1516 1578
1385 1446
1452 1551
1522 1582
1406 1462
103 499
1289 1370
1445 1511
1463 1513
1441 1555
1365 1415
1472 1542
254 549
1566 1614
1445 1485
1482 1517
1408 1484
1294 1423
647 835
1449 1501
1502 1551
1856 1893
1505 1543
1404 1463
1656 1724
1475 1539
1426 1491
1367 1465
1245 1314
1537 1567
1452 1497
1333 1440
1451 1498
1584 1630
1315 1387
1520 1669
1421 1491
1395 1506
1519 1583
1411 1461
122 544
1521 1590
1491 1533
1159 1230
149 496
1348 1449
1432 1465
1706 1735
1408 1455
1433 1483
1616 1659
1422 1478
1397 1461
1902 1930
1375 1426
1206 1402
1470 1538
1451 1515
1528 1568
1528 1570
1398 1499
1329 1475
2191 2198
1395 1449
1486 1530
1407 1490
2207 2219
1392 1478
1245 1351
1466 1565
1409 1475
1400 1481
1267 1353
1380 1457
1452 1504
1514 1559
1479 1529
1511 1564
1427 1473
1372 1435
1448 1506
1378 1487
1388 1465
1820 1854
1448 1491
1483 1535
1544 1601
1457 1492
1533 1575
1282 1349
1290 1370
710 828
1101 1210
1979 1996
1542 1571
1269 1344
1426 1467
1975 2000
1464 1502
1996 2072
2104 2143
1453 1486
1482 1524
1746 1781
1851 1889
1429 1486
1380 1455
1415 1472
1712 1820
1462 1560
1913 1957
1452 1507
285 517
1372 1442
1795 1820
1589 1642
2011 2033
1367 1462
1435 1505
169 448
1591 1641
1523 1554
2022 2048
150 494
1331 1392
1385 1477
1375 1438
1348 1411
1403 1473
1494 1569
1565 1635
1394 1487
1303 1360
1452 1484
1405 1478
1959 2004
1314 1368
1607 1637
2244 2261
1616 1708
1409 1480
1248 1313
1490 1568
1294 1372
1376 1459
1621 1672
1420 1489
1470 1510
1344 1481
1354 1435
1575 1659
2099 2124
1405 1458
1513 1560
1626 1668
1387 1469
1546 1603
1456 1505
1199 1317
1459 1529
1232 1378
1408 1461
2053 2072
1557 1598
1531 1563
1189 1303
1161 1267
1476 1513
1540 1577
1510 1550
1424 1480
1595 1702
1514 1550
1383 1454
1512 1543
1265 1378
1439 1547
1492 1546
1644 1681
1470 1572
1520 1567
1523 1568
1528 1575
2022 2043
1413 1481
1274 1339
1505 1550
1428 1476
1269 1378
1366 1447
1482 1551
1501 1557
1515 1564
1981 2003
1779 1805
1503 1527
1512 1606
1394 1455
1366 1445
679 836
1318 1395
1647 1694
1450 1500
1443 1504
1529 1617
1454 1494
1413 1506
1453 1503
1515 1554
1456 1522
1363 1548
1427 1554
1453 1495
1462 1509
1429 1466
1840 1888
1815 1859
1421 1548
1862 1908
1617 1671
1472 1529
1469 1544
1465 1541
1382 1433
1832 1868
1922 1986
1421 1461
1463 1604
1381 1451
1402 1481
1428 1495
1288 1384
1443 1514
1537 1668
1320 1434
1993 2008
1399 1468
1536 1583
1400 1474
1411 1479
1426 1474
1535 1617
1325 1393
1400 1495
1298 1389
1303 1391
1498 1550
1522 1576
1316 1380
258 501
1518 1569
1377 1443
1398 1446
1508 1546
1347 1450
1404 1483
1342 1395
1498 1554
1554 1579
1321 1382
1582 1629
1521 1577
1402 1472
1963 2007
1746 1821
1387 1504
1836 1858
1528 1566
1435 1487
1534 1590
1465 1537
1368 1486
1842 1894
1345 1393
1465 1521
1534 1561
1427 1495
1433 1537
1267 1327
577 735
2037 2059
1337 1460
1419 1488
1423 1500
1635 1673
1507 1593
313 620
1586 1623
1466 1530
1582 1641
1384 1466
1555 1605
1664 1762
1494 1611
1841 1871
1167 1284
1396 1474
1378 1450
1404 1465
1441 1497
1372 1435
1273 1367
1416 1481
1569 1648
1414 1474
1377 1515
1383 1435
1427 1512
1971 2007
1406 1478
1507 1571
1374 1458
1378 1429
1800 1842
1372 1431
1530 1575
1286 1335
1426 1530
1454 1529
1542 1571
1574 1673
1523 1573
1363 1446
1374 1449
1971 1993
1294 1394
1400 1448
1425 1506
1411 1491
1829 1860
1679 1704
1398 1521
1504 1565
1323 1385
1362 1442
1836 1883
1485 1526
1649 1692
1515 1591
1463 1521
1430 1463
1713 1734
1200 1268
1340 1485
1845 1891
1646 1678
2004 2019
1390 1484
1433 1487
1500 1582
1534 1595
1415 1489
1492 1535
1421 1462
1459 1520
1301 1372
1401 1579
1174 1274
1394 1460
1945 1998
1378 1453
1406 1488
618 785
1388 1469
1442 1516
1952 1975
1406 1459
1471 1510
1388 1457
1415 1471
1456 1495
1330 1401
1316 1423
1562 1590
1194 1325
199 550
1373 1469
1334 1415
1947 1985
1469 1519
1537 1584
1433 1482
1591 1635
1205 1285
1969 1993
1350 1498
1525 1587
98 535
1157 1232
1373 1457
1378 1448
146 578
1621 1659
1412 1467
1473 1528
1458 1510
1415 1508
1327 1483
1508 1583
1946 1964
1452 1524
267 555
1318 1369
1448 1552
1545 1588
1312 1391
1372 1439
1881 1943
176 552
1598 1656
1616 1682
1460 1501
1494 1560
1871 1948
1304 1365
1503 1540
1441 1508
1866 1905
1375 1465
1359 1431
1438 1502
1524 1579
1525 1580
1360 1425
1541 1588
1268 1354
1523 1579
1437 1557
1484 1528
1280 1365
1404 1464
1443 1508
1832 1869
1369 1473
1425 1471
1902 1913
1484 1562
1421 1493
1894 1921
1554 1600
1471 1521
1405 1483
1501 1554
1474 1519
1262 1330
1365 1440
1716 1799
1687 1822
1502 1560
1458 1487
1941 2000
1395 1478
1486 1547
1587 1658
1355 1397
1295 1400
1385 1471
1444 1493
1631 1682
1567 1619
1417 1474
1387 1446
367 579
2000 2023
1330 1414
81 506
1503 1549
1436 1484
205 530
1464 1535
1477 1538
1644 1684
1388 1457
1419 1477
1533 1581
1589 1619
1440 1494
1443 1518
1452 1516
1375 1453
1698 1737
1471 1556
1430 1474
235 529
1351 1422
1435 1499
1492 1537
1254 1358
1312 1355
1504 1547
1392 1472
1374 1413
1434 1511
61 486
1335 1417
1361 1421
1428 1486
1416 1538
1385 1448
1497 1527
1415 1470
159 413
2006 2018
1378 1461
1136 1256
1847 1871
1880 1907
1454 1506
1862 1913
1488 1521
1502 1560
1336 1429
1420 1483
1404 1465
1689 1752
1373 1429
1539 1576
1945 2009
1449 1495
1415 1504
1845 1866
1448 1485
1525 1586
1809 1834
1473 1521
1444 1494
1481 1530
1340 1473
1476 1535
1466 1544
1447 1526
1433 1500
1460 1601
1283 1348
1467 1510
1319 1429
2030 2123
1927 1960
1517 1565
2005 2023
1501 1575
1214 1299
1470 1544
1764 1800
1401 1502
1393 1474
291 595
1252 1346
1505 1564
1578 1614
1405 1447
1531 1572
1318 1398
1357 1435
1391 1465
1473 1548
1466 1513
1482 1529
1450 1510
1385 1441
1410 1494
1345 1425
1293 1421
1997 2005
1723 1783
1446 1558
1554 1662
1371 1464
1555 1603
1610 1644
1498 1540
20 476
1439 1486
1887 1933
386 574
1935 1954
1412 1474
1286 1384
1432 1476
1256 1398
1403 1466
1463 1501
1442 1512
1426 1508
339 587
1786 1810
1470 1521
1406 1479
1445 1498
1477 1525
1461 1535
1457 1508
1472 1531
1510 1560
1638 1704
1413 1462
1511 1545
1453 1514
1651 1716
1401 1459
1539 1599
1484 1533
1688 1733
1352 1424
2034 2053
1487 1515
1363 1470
1462 1528
1555 1622
1387 1436
1487 1545
1445 1569
1454 1497
1915 1962
1370 1418
1385 1451
1438 1488
1395 1473
1320 1386
1377 1434
2052 2081
