(base) hrvoje@hrvoje-ThinkPad-E16-Gen-1:~/TPpodatci/faks/4.godina/bioinf2/bioinformatics2/tests$ ./test8
218 291
1490 1691
225 522
1058 1280
749 1019
667 763
1029 1214
-1620 -361
1179 1322
122 227
896 949
184 305
1540 1594
894 1139
726 924
1769 1909
637 884
978 1126
1184 1325
1599 1616
930 1065
699 984
620 673
883 1014
890 1065
1236 1369
1488 1820
496 998
-1117 -119
246 418
827 1176
709 1016
1098 1179
468 634
1133 1224
920 1029
878 1114
754 1113
660 781
1719 1726
639 955
148 489
-1540 -373
1204 1322
149 865
137 650
-1160 15
1102 1375
705 916
681 853
-579 135
824 1100
914 949
850 1076
1062 1357
1201 1325
834 917
1056 1350
172 280
718 840
1050 1289
330 886
682 844
1194 1448
797 973
162 827
898 1185
1641 1752
377 994
304 918
616 857
1152 1171
145 325
831 977
796 964
1128 1241
682 888
453 681
568 795
72 368
828 991
1096 1327
792 954
1151 1396
1531 1584
914 985
993 1254
559 794
1082 1245
767 1071
728 839
1141 1213
742 1019
941 987
775 835
979 1285
317 562
1041 1374
1145 1321
506 914
-2310 -680
745 1035
1145 1170
949 1050
187 585
1849 1886
972 1084
134 966
361 788
987 1168
800 858
1138 1157
565 1041
427 994
1297 1443
689 792
588 697
1402 1415
919 1172
942 1052
780 917
1402 1427
12 478
878 1037
354 857
523 821
910 1109
921 1405
1151 1317
1067 1159
1581 1849
1001 1344
337 814
-235 16
809 984
380 519
1056 1195
658 963
1354 1398
681 882
841 1031
200 485
1172 1312
896 1102
769 952
1158 1179
1145 1224
624 889
664 1145
38 131
1163 1334
1176 1246
811 901
802 897
864 920
753 933
843 969
698 1050
1026 1206
791 882
970 1299
351 418
287 336
1159 1432
844 1017
622 742
389 707
1024 1057
597 815
922 1159
663 1176
818 899
621 865
873 1066
949 1107
750 1188
762 842
896 1216
545 592
453 571
702 929
797 891
455 697
544 844
593 829
866 1135
969 1250
322 977
1296 1321
981 1098
794 835
828 1224
428 912
354 520
675 819
503 1111
1054 1135
1220 1358
1051 1078
800 919
1321 1414
725 1006
904 1163
947 1046
1912 1921
1031 1078
1084 1119
608 1095
680 726
1250 1377
464 690
1024 1394
1720 1773
79 825
708 1026
1231 1309
432 749
353 910
437 721
462 1174
1180 1270
502 733
218 531
1649 1664
524 725
862 959
1405 1524
628 893
1007 1105
277 824
792 1057
1309 1469
1011 1289
1524 1594
772 955
1420 1462
1325 1418
791 830
994 1132
912 977
844 1037
475 739
989 1002
1237 1356
1288 1466
875 1118
1138 1237
73 233
1225 1301
1294 1415
1106 1419
1133 1228
585 624
970 1054
532 675
-1687 -158
792 980
1632 1735
947 1373
1271 1410
720 907
390 941
533 788
1022 1341
1288 1389
-1968 -263
616 764
1289 1353
588 844
956 1132
472 572
-1345 121
1415 1426
756 946
124 694
632 1265
590 894
833 999
-183 493
1088 1101
323 815
806 1023
933 1165
-1254 -166
1087 1216
693 1128
424 809
919 1059
-222 699
84 335
1315 1530
782 852
1025 1173
937 1001
598 629
712 829
1015 1222
1306 1341
584 1095
623 942
601 1102
494 856
1221 1380
827 1106
-369 -297
439 896
491 672
1564 1753
702 834
1216 1328
748 1020
793 944
-573 677
372 760
1039 1209
-2088 -651
1654 1736
530 628
1002 1033
1151 1160
970 1104
1000 1037
1015 1090
1009 1164
1172 1189
562 1073
487 752
690 823
271 693
1074 1254
1379 1567
686 846
703 953
614 989
674 996
735 877
1055 1281
30 576
457 697
401 489
213 282
1222 1265
811 1108
1164 1310
84 768
1194 1283
424 742
1241 1563
647 744
999 1059
900 1033
859 906
1025 1187
785 1025
799 1036
1026 1272
1363 1449
1292 1349
697 956
438 584
344 543
1051 1284
684 792
817 1137
1096 1195
527 904
-521 10
591 880
568 607
853 1045
-271 -179
-1836 -598
1403 1447
789 832
712 768
908 1220
327 369
24 394
959 1062
413 900
905 1130
953 1105
234 457
821 848
-922 -90
855 944
891 1325
662 1021
-1403 -225
263 855
616 801
1067 1306
-241 208
20 49
792 825
833 870
236 623
479 658
876 917
1208 1471
912 1113
979 1002
1126 1196
1187 1249
754 1187
569 736
396 885
1374 1401
344 474
-230 -177
628 866
755 1057
1140 1169
748 1014
716 972
415 940
808 870
-2021 -228
1471 1680
789 1068
1004 1316
-1143 -374
968 1038
1273 1465
706 1047
592 676
553 633
731 1362
992 1140
1448 1475
722 970
644 826
681 928
690 927
938 1067
1683 1690
-66 49
143 595
1059 1076
1436 1575
627 849
705 1013
980 1292
972 1154
860 923
-1723 -186
898 1236
1722 1756
791 901
1148 1179
1138 1236
803 987
48 513
372 946
1203 1222
909 989
78 482
947 1289
-96 236
1155 1172
866 999
100 603
900 978
1282 1321
1583 1985
761 1133
-157 53
1506 1571
311 830
1150 1246
473 787
1217 1279
1293 1312
729 860
1868 1947
964 1285
735 891
924 958
770 949
1067 1237
425 1003
866 1170
935 1271
431 472
1218 1241
693 818
1095 1249
689 1004
898 1035
701 740
240 680
940 1094
479 736
695 824
-458 221
1178 1235
563 704
1054 1081
1000 1094
1210 1254
764 930
822 1084
594 884
1304 1488
853 1293
835 958
620 1079
1186 1205
464 615
782 890
1274 1372
1360 1381
225 976
712 790
773 828
118 834
1184 1305
-1568 -239
657 893
1447 1477
1104 1195
1656 1720
1423 1470
1007 1087
512 600
1010 1158
769 971
686 800
389 822
-239 -77
1377 1408
906 1390
1074 1111
596 930
1088 1396
532 1408
1654 1741
-1096 -423
184 666
381 993
1213 1262
391 552
583 683
1350 1648
-62 28
1354 1481
1028 1472
495 804
905 949
610 994
717 960
644 1051
1646 1769
783 836
1163 1298
818 1113
314 764
300 535
463 864
647 956
328 474
904 976
1316 1400
-46 194
344 566
878 915
829 980
186 329
590 909
1144 1179
989 1018
684 886
264 928
665 749
850 1142
866 1204
332 943
346 538
774 805
812 861
1216 1233
826 914
639 988
984 1142
530 640
367 668
1101 1226
938 1250
1029 1060
1122 1198
-308 32
477 1022
397 730
676 1272
-1808 -309
403 548
570 948
513 556
795 833
477 942
-1775 -1190
903 1020
977 1141
1162 1547
749 826
1270 1375
811 862
1911 1943
479 604
364 697
1492 1513
735 865
893 1147
358 1261
1435 1487
749 790
1001 1148
1053 1180
571 686
617 889
922 983
1110 1154
-2604 -733
775 922
-1460 -107
1003 1348
22 332
991 1056
935 1195
1647 1654
827 960
-2525 -650
947 1008
1574 1579
687 1111
797 945
1115 1369
1395 1626
1198 1235
657 1083
499 550
790 939
956 1111
1333 1551
1001 1228
647 853
597 1099
547 1172
831 1300
-1179 -292
-2204 -435
1639 1736
548 693
833 1230
844 950
767 914
983 1309
774 1095
933 973
822 871
826 875
1336 1355
1207 1452
644 1071
962 1258
786 998
827 896
794 843
967 1073
901 1084
1293 1412
730 786
917 1010
1231 1314
836 963
793 976
644 697
565 995
1176 1294
599 720
904 1091
732 936
537 993
1410 1592
1056 1331
701 969
1034 1105
1765 1774
410 761
1086 1243
964 1095
1464 1508
475 784
720 814
727 971
431 993
464 640
566 861
-51 555
721 1227
410 684
1151 1311
11 456
973 1280
24 606
792 1002
751 960
1064 1148
483 981
902 973
770 943
1528 1747
842 914
677 963
279 800
861 886
-886 -81
808 855
366 915
982 1089
515 747
639 1082
966 1149
881 1195
1476 1515
361 471
993 1084
1100 1219
992 1017
830 1120
516 703
946 959
250 578
640 945
963 1061
1026 1306
819 844
792 880
762 811
-2247 -520
1098 1256
180 489
312 682
696 932
820 853
688 995
668 972
973 1280
1006 1068
1213 1242
987 1096
1196 1508
911 1086
544 581
1038 1122
792 1017
1358 1416
979 1203
712 797
881 1071
-1952 -514
497 758
622 912
1788 1791
1022 1219
981 1136
455 664
1094 1173
645 1384
609 921
53 263
463 817
784 881
1379 1585
872 1202
772 875
828 988
779 961
1141 1256
668 1107
1038 1277
577 849
709 976
1056 1092
9 887
1224 1257
688 851
1050 1214
819 1141
959 1046
792 840
900 929
739 1020
868 1019
1008 1223
-1571 -148
1698 1701
377 582
694 1077
888 1080
872 1202
909 936
612 759
958 1090
674 884
368 654
548 945
385 773
773 1102
849 948
1605 1622
813 981
789 939
1082 1277
378 732
210 261
628 730
28 438
749 887
823 866
795 954
1130 1372
769 818
1001 1156
881 1073
1097 1112
553 1111
1576 1687
409 852
531 797
530 1006
559 825
638 663
1041 1187
453 496
649 1070
506 784
544 917
615 829
1632 1767
347 629
714 1082
839 980
947 1196
575 1048
697 768
576 1047
813 1079
663 968
1485 1538
289 395
991 1312
846 1022
1394 1407
791 1075
895 1134
938 969
582 903
450 613
-170 620
338 764
-1197 -344
1132 1214
852 971
-1269 -274
686 1035
707 760
636 959
878 947
1434 1441
28 143
574 756
1261 1278
941 978
647 969
720 1087
362 1049
373 739
705 1277
582 685
173 498
1385 1499
718 1035
1041 1166
838 1046
1612 1717
876 983
1245 1307
1146 1274
854 1123
980 1110
1232 1320
754 1064
944 1186
724 960
693 708
609 730
1422 1586
840 999
990 1108
166 493
1808 1817
386 444
894 1083
962 1115
791 1093
499 789
795 834
843 943
1816 1975
528 858
338 379
1013 1132
791 851
785 849
796 952
343 703
578 833
365 779
393 1009
985 1027
1068 1261
904 1230
-2536 -231
945 1033
922 963
1815 1840
909 1059
1089 1188
965 1305
1374 1625
1231 1260
490 1070
696 841
1060 1323
378 800
1437 1448
1277 1415
730 1084
946 1012
-2444 -501
1317 1383
539 1020
1313 1362
459 563
1043 1103
482 552
763 896
1078 1102
826 975
1423 1601
436 1094
1297 1314
665 1131
718 868
861 1062
1136 1163
666 886
811 958
1104 1129
424 724
897 1331
658 805
521 564
404 829
905 979
1221 1304
100 551
1405 1463
882 1086
102 670
1477 1482
816 924
761 960
522 811
598 913
451 733
1551 1603
255 913
932 1078
1471 1543
426 689
350 701
-923 -558
196 961
1187 1267
544 925
744 905
-183 -105
1299 1567
725 1110
935 1321
502 745
1233 1274
585 789
753 1018
-1623 -542
142 394
957 992
1304 1378
665 987
932 1156
-663 251
1196 1334
584 956
279 383
787 1079
965 1061
-1926 -585
1225 1240
729 825
1114 1164
644 842
935 1568
855 916
852 976
954 1334
386 698
833 982
1122 1295
1064 1266
715 766
1090 1261
850 1051
-2022 -377
873 992
1308 1354
860 893
730 857
1505 1579
912 1260
995 1161
862 1153
1431 1444
1065 1238
807 970
695 1031
880 1212
598 747
719 949
827 959
377 536
127 1018
828 870
1589 1648
594 717
1366 1414
1024 1121
1068 1097
1183 1401
705 758
995 1144
1538 1602
366 609
946 1088
730 1174
943 1267
929 1071
584 985
1052 1576
825 979
-96 425
639 1260
493 593
1201 1299
-180 721
969 1048
1055 1340
1083 1205
1035 1085
732 837
-236 334
1088 1333
481 605
550 595
553 691
777 982
810 934
-320 286
970 1223
987 1062
873 916
445 998
496 539
656 866
1422 1447
969 1303
998 1155
1005 1091
395 772
1221 1439
606 1014
849 1016
904 1042
1327 1340
22 615
685 894
1054 1091
323 655
100 218
496 592
896 1030
636 712
720 977
238 392
-554 -421
816 1183
488 885
1906 1909
653 898
668 915
1005 1249
1576 1591
866 1027
357 671
1081 1201
1136 1362
969 998
1062 1103
300 757
724 771
38 919
1194 1246
1551 1570
1417 1664
-1753 -272
813 954
648 991
656 888
386 644
1099 1276
519 1011
590 876
1042 1330
951 1237
752 922
1648 1663
462 503
1190 1426
436 810
1112 1289
1124 1297
1119 1226
1012 1224
1784 1946
145 748
805 917
1118 1285
1110 1532
1165 1206
1627 1636
713 781
991 1340
446 896
870 1253
1049 1219
1000 1187
1339 1354
958 1226
1784 1832
949 1304
209 546
1000 1241
949 1051
821 1138
777 975
722 952
1440 1533
1869 1925
884 1138
23 785
542 1137
734 946
743 776
442 657
1389 1402
792 831
883 1022
623 929
960 1073
813 1082
864 1094
705 825
313 411
511 838
427 861
697 990
540 752
603 1063
578 854
591 799
-1785 -467
134 234
472 729
673 1390
563 788
699 1418
519 846
587 818
944 992
417 939
1200 1472
747 873
752 1026
800 875
751 914
1421 1658
950 1505
621 881
722 887
789 1047
619 879
772 995
701 873
530 890
826 1141
634 712
1081 1357
842 944
1096 1127
628 653
465 800
1187 1361
662 826
1585 1600
1650 1706
1215 1590
678 876
853 953
924 955
1074 1300
525 824
1013 1128
80 504
1127 1373
1021 1111
867 1061
-375 366
864 1090
509 749
392 437
711 891
689 1067
1331 1352
1262 1281
837 1049
896 1173
1775 1884
759 841
849 1218
689 1023
474 937
693 775
1638 1857
788 819
774 908
358 684
946 1425
861 1015
-83 -13
301 766
853 1191
908 991
541 698
802 988
715 1118
613 656
203 339
1707 1836
1138 1330
401 674
1333 1471
533 680
1038 1110
1518 1731
839 1256
937 1013
663 1168
1177 1404
504 998
1085 1110
376 602
1193 1827
883 1199
1127 1405
590 762
1043 1263
1051 1308
491 780
755 913
1582 1646
1162 1467
331 887
1102 1135
752 1128
990 1045
1382 1459
-31 431
531 846
313 894
733 970
471 760
767 1137
1841 1926
460 645
422 794
544 581
717 932
850 1079
885 1091
1057 1291
1646 1844
718 1155
825 902
776 941
-1545 -495
399 634
767 898
1246 1273
1137 1320
830 908
282 520
1165 1243
873 1105
650 786
769 993
614 1207
731 772
500 1284
961 1064
533 718
431 947
786 1111
770 859
1404 1531
871 1176
701 1088
-2634 -634
962 1228
1079 1147
613 988
139 500
1585 1814
1243 1260
1045 1171
996 1125
1012 1116
506 812
803 1189
528 945
-109 439
629 945
1088 1417
753 996
660 758
998 1052
270 444
1331 1460
442 529
845 1080
-1865 -212
628 772
-51 570
649 839
467 633
204 622
1078 1187
657 901
611 928
1385 1577
729 1016
990 1037
337 1131
829 1029
1076 1109
857 1165
1087 1136
403 653
678 878
1156 1370
593 741
652 1114
1026 1218
718 912
-2265 -662
113 580
573 965
935 1138
841 1336
597 640
536 771
-1562 -255
1246 1414
829 888
890 913
640 873
126 830
-793 -180
873 919
1094 1268
1256 1434
1025 1087
588 737
832 1083
971 1161
682 953
583 1052
-43 4
841 897
980 1123
197 624
811 1160
1248 1283
571 747
624 1265
861 1123
267 933
879 1153
787 935
-2262 -700
985 1251
1051 1144
-185 -128
-1843 -266
444 942
808 1001
1322 1384
712 843
833 985
1432 1462
614 866
701 1027
1542 1567
615 678
-258 660
846 899
691 1094
1144 1171
1000 1027
606 998
329 1091
1903 1910
699 855
990 1081
287 726
1967 2021
672 989
229 746
938 1274
865 1102
632 1135
259 633
644 752
988 1055
914 953
1119 1150
1055 1253
619 790
700 1026
880 1032
146 731
644 744
1412 1443
1128 1179
819 866
968 1120
905 1070
1181 1308
50 152
202 359
-298 3
-251 309
1475 1492
1230 1286
29 305
514 577
1471 1560
1032 1106
1540 1946
1720 1853
853 1106
914 1065
834 867
1467 1579
589 1007
732 967
767 1197
680 1304
630 1028
929 1098
804 1144
-1139 -371
556 769
1339 1405
1181 1330
1507 1528
343 627
715 1145
-1663 -942
1159 1220
1019 1155
1518 1596
-1874 -166
371 435
497 805
495 600
548 865
931 1130
838 1034
1133 1280
498 945
255 474
844 901
733 935
1431 1764
402 789
1071 1239
2124 2141
944 1315
649 907
264 303
898 1213
502 634
512 1027
1141 1318
556 666
950 1191
464 1163
418 718
687 1139
1835 1903
829 908
985 1051
1338 1371
723 903
1122 1378
744 841
71 476
955 1110
-184 642
808 894
1789 1806
1197 1220
1099 1122
-451 -71
-431 -101
1084 1141
1108 1212
942 992
800 912
1067 1474
1154 1193
447 504
1128 1194
49 770
575 1001
1092 1238
940 1074
678 1045
1128 1335
875 1276
1288 1319
1662 1679
693 846
482 537
905 944
708 808
213 654
502 820
810 916
853 990
1035 1217
1477 1498
1299 1322
1143 1160
800 1207
690 859
710 915
-425 227
694 1119
1239 1321
682 902
819 1085
569 1034
878 958
653 905
477 1027
1067 1203
904 1028
147 920
723 1304
949 1159
910 1146
757 802
1384 1547
1439 1485
669 1280
806 1052
1065 1112
752 972
789 1076
929 1305
710 751
1064 1146
1250 1641
765 857
479 996
637 806
610 828
996 1158
272 696
1043 1199
489 1150
312 791
1633 1646
679 787
1008 1263
656 858
691 953
1002 1113
1039 1362
461 683
752 1165
482 1015
119 491
954 1004
1018 1195
164 543
-1342 -371
1198 1241
681 1060
590 730
1076 1105
531 1001
724 1086
574 840
890 1090
1146 1206
209 325
1062 1291
745 1200
506 749
1499 1683
1098 1263
595 1029
1260 1433
1192 1217
859 993
1134 1196
913 1286
480 1056
1410 1646
769 843
985 1026
1174 1236
995 1143
889 1253
211 512
-943 -493
1701 1853
25 790
675 878
439 911
1371 1584
779 1078
-1343 -128
1346 1373
906 1032
726 868
576 792
1067 1289
608 1214
670 1212
1361 1539
-201 273
772 1092
306 773
684 854
953 1149
660 917
241 534
624 718
793 937
894 944
401 919
591 681
715 950
1619 1765
750 1000
1051 1380
630 844
754 789
960 1093
628 755
1098 1141
518 553
786 1125
966 1235
1374 1428
782 1237
1011 1170
667 968
270 681
1659 1800
206 707
728 767
585 876
723 948
1165 1343
1223 1244
678 1112
880 925
611 806
458 546
1036 1367
829 1039
1041 1215
891 1189
767 1030
614 694
1337 1434
288 416
580 971
1077 1357
886 930
1716 1772
214 686
833 968
540 715
766 819
1063 1112
844 1165
917 944
971 1099
253 548
265 1005
-138 105
530 834
1489 1771
610 721
462 653
-854 -275
564 1125
794 870
1496 1515
798 913
1079 1259
644 907
639 688
976 1001
730 983
308 978
1322 1388
-30 535
-1801 -387
605 968
494 787
1363 1520
1133 1258
1105 1195
1001 1050
1159 1290
-243 -92
1417 1552
318 931
925 976
-2046 -250
-131 -47
621 757
698 996
-2022 -12
997 1067
908 998
1049 1142
866 1089
831 1149
55 910
780 979
1490 1538
780 923
-1277 -31
462 522
608 842
1001 1088
512 809
532 598
1169 1543
-1976 -485
726 874
1088 1167
1004 1060
774 1059
1127 1394
656 801
1183 1275
785 1031
1146 1181
439 849
751 954
854 1155
1028 1067
1237 1370
552 810
1061 1247
420 552
835 1208
517 1079
620 836
448 767
828 988
579 679
1448 1481
425 845
897 1305
1470 1479
892 1103
653 889
1702 1717
1226 1321
855 1055
509 946
685 724
1234 1308
126 201
269 582
948 1487
623 1183
742 1115
754 803
1317 1517
467 692
1054 1249
1035 1245
275 387
279 703
641 992
804 856
959 1058
983 1158
721 915
763 1015
-857 -89
1520 1539
-30 254
-2415 -204
1119 1201
852 958
-1555 -210
960 1205
837 1037
1332 1367
604 877
723 1046
1269 1384
1093 1118
848 955
915 1135
948 1251
559 720
834 1170
895 1062
878 913
-1397 -309
567 751
555 915
1132 1165
126 540
480 609
1080 1334
768 837
342 418
698 1089
-2307 -336
255 516
593 834
764 1103
480 1223
593 722
1017 1089
847 1186
-2297 -420
1694 1746
634 783
-344 147
1575 1599
1328 1394
950 989
1174 1390
960 1072
1006 1105
592 859
468 600
852 1067
1097 1549
757 950
1251 1321
1369 1620
825 860
735 981
1629 1763
1160 1181
997 1196
1377 1398
1089 1155
836 1198
961 1103
580 1048
972 1139
722 1016
1007 1241
745 888
476 1403
379 443
939 1039
287 529
1390 1880
1423 1501
1061 1199
1717 1777
925 1187
318 871
1014 1218
1188 1352
849 1122
457 955
-1269 147
308 780
1049 1174
1338 1355
565 699
1091 1286
262 587
549 847
807 1033
761 1032
954 1068
1026 1110
1018 1309
857 902
754 1137
537 876
485 966
1789 1813
1091 1208
430 918
906 1342
363 585
1219 1292
1106 1173
1018 1098
-2700 -847
839 874
1527 1615
-654 -119
1623 1638
788 1110
342 664
880 939
64 603
859 972
911 1030
954 1037
730 1089
-1157 -261
1314 1633
894 1020
646 720
821 899
781 863
917 1175
993 1080
736 791
1070 1105
926 1049
885 951
1055 1070
1069 1201
571 777
465 524
1019 1275
668 1195
1160 1381
344 442
1786 1837
983 1004
635 999
990 1270
475 862
859 982
799 1124
653 1150
886 976
1147 1241
522 877
569 885
678 815
699 866
488 654
729 956
1724 1899
