73
201
297
222
270
96
185
1259
143
105
53
121
54
245
198
140
247
148
141
17
135
285
53
131
175
133
332
502
998
172
349
307
81
166
91
109
236
359
121
7
316
341
1167
118
716
513
1175
273
211
172
714
276
35
226
295
124
83
294
108
122
239
556
162
254
176
665
287
111
617
614
241
19
180
146
168
113
206
228
227
296
163
231
162
245
53
71
261
235
163
304
111
72
277
46
60
306
245
333
176
408
1630
290
25
101
398
37
112
832
427
181
58
19
476
567
146
103
109
13
253
110
137
25
466
159
503
298
199
484
166
92
268
343
477
251
175
139
139
305
44
201
190
285
140
206
183
21
79
265
481
93
171
70
90
95
56
180
126
352
180
91
329
67
49
273
173
120
318
33
218
237
513
81
244
193
158
438
80
320
47
118
227
94
242
300
236
269
281
655
25
117
41
396
484
166
144
608
81
138
27
119
93
281
259
99
9
47
35
487
46
127
226
370
53
746
318
78
317
557
284
712
90
231
313
15
201
97
119
265
98
547
265
160
278
70
183
42
93
39
138
65
193
264
13
119
178
243
99
160
76
121
313
95
39
84
143
1529
188
103
426
139
187
551
255
319
101
1705
148
64
256
176
100
1466
11
190
570
633
304
166
676
13
492
217
232
1088
129
435
385
140
921
251
215
70
148
64
31
117
207
35
511
319
501
362
159
279
72
457
181
189
132
112
272
151
1250
388
170
1437
82
98
31
9
134
37
75
155
17
511
265
133
422
180
188
160
250
375
322
142
226
546
240
88
69
43
297
146
684
89
318
322
97
60
133
47
162
240
237
246
86
57
259
146
199
233
108
320
99
377
531
289
39
192
92
1238
44
43
56
312
42
370
103
487
225
152
223
27
832
89
434
359
1178
592
185
239
449
29
33
37
387
179
41
263
201
23
70
62
433
167
489
27
130
53
238
302
29
266
256
525
62
1793
209
279
312
769
70
192
341
84
80
631
148
27
248
182
247
237
129
7
115
452
17
139
222
308
312
182
63
1537
338
34
110
31
98
184
465
574
19
80
404
342
332
17
133
503
78
39
402
372
210
65
519
96
314
62
19
131
79
321
156
34
179
170
578
304
336
41
23
125
154
315
137
39
440
154
257
129
679
57
141
27
94
44
166
262
290
184
440
123
459
19
151
108
98
21
751
78
55
716
121
1329
236
30
91
64
47
80
88
148
202
114
433
162
31
484
37
334
308
876
87
673
482
612
49
161
100
298
90
127
444
309
44
384
243
407
123
53
135
295
450
235
401
309
146
72
84
240
222
37
151
143
319
35
29
202
664
84
292
338
611
192
31
49
17
88
349
158
110
301
125
312
31
76
340
545
333
596
1499
145
378
43
38
465
585
117
164
385
77
105
51
32
125
333
21
130
254
903
52
41
147
127
115
272
61
44
1871
147
1353
345
310
65
260
7
133
1875
61
5
424
148
254
231
37
426
51
149
155
218
227
206
502
625
469
887
1769
97
145
397
106
147
326
321
40
49
49
19
245
427
296
212
69
49
106
183
119
56
93
83
127
183
53
430
118
121
187
204
456
182
275
268
71
9
351
157
131
44
309
94
244
562
176
295
606
506
274
160
445
307
582
210
209
84
498
71
173
219
72
286
521
25
805
47
549
107
232
443
183
314
39
110
91
119
25
290
187
13
328
305
98
280
25
88
49
1727
158
309
370
236
33
307
304
307
62
29
109
312
175
37
84
225
58
224
85
190
1438
261
290
3
197
155
209
79
739
312
210
354
97
206
330
103
160
182
115
439
239
272
267
36
878
33
163
164
322
87
48
29
281
151
215
1423
3
205
383
192
330
27
147
132
210
286
397
388
329
99
17
168
150
195
354
51
102
410
138
43
159
242
49
155
192
15
558
111
443
266
476
266
25
146
43
421
278
373
214
135
282
368
141
249
473
71
471
266
305
53
106
321
176
13
284
239
31
321
163
790
426
853
82
119
995
349
53
323
69
7
115
182
17
37
322
367
687
366
572
103
325
114
317
125
208
105
107
62
128
269
130
88
310
242
236
15
121
164
159
118
327
9
58
189
153
302
290
39
100
159
330
41
119
60
64
156
360
255
414
616
42
193
326
2305
88
41
25
150
99
340
251
29
580
145
263
422
11
138
354
66
1943
66
481
49
104
60
70
133
24
149
178
658
17
466
150
201
27
220
147
25
300
434
147
43
425
74
83
451
58
204
568
5
108
199
289
315
282
52
658
146
72
263
351
365
765
80
381
161
78
268
385
386
243
41
204
265
1081
252
35
74
322
224
914
138
372
104
292
96
1341
15
96
50
198
633
61
124
380
312
149
173
202
51
171
201
1645
119
46
33
127
74
348
166
291
13
173
163
336
332
149
230
132
159
891
42
59
123
48
97
29
218
53
149
64
243
142
444
324
142
401
524
154
521
621
100
98
901
79
285
122
50
105
570
245
124
45
138
205
124
606
253
75
43
553
43
210
25
334
157
86
377
218
408
167
138
13
593
209
37
332
118
96
134
76
257
154
133
367
397
3
245
247
244
15
161
314
120
226
29
41
457
47
881
52
19
247
1481
141
343
232
258
177
492
286
288
286
170
15
41
236
374
177
173
107
212
162
603
112
167
422
41
9
68
349
450
383
170
187
15
268
48
355
337
241
102
317
198
230
93
56
254
762
595
212
33
215
13
39
139
306
113
269
230
120
98
327
434
293
212
460
276
208
1318
100
257
717
225
719
327
231
48
522
272
126
274
75
163
237
555
260
165
258
260
223
172
360
315
78
276
102
31
25
335
174
164
15
56
375
198
100
31
226
299
115
424
246
90
194
741
226
240
45
180
378
21
19
212
277
109
82
369
334
463
82
219
31
134
326
479
154
70
465
338
83
157
186
403
43
136
129
192
273
138
147
72
213
417
76
505
227
494
25
226
634
316
278
172
220
257
289
158
64
305
556
33
376
55
77
462
315
581
237
289
370
85
185
372
37
215
229
206
234
198
437
77
165
1050
235
131
27
183
78
238
78
232
136
224
593
41
784
103
185
516
325
89
127
305
387
2000
266
68
375
361
229
17
126
129
104
306
386
417
548
316
329
243
98
54
174
129
87
235
1653
144
621
190
166
418
109
244
317
192
287
47
794
200
33
308
49
250
200
214
148
462
192
194
1603
467
392
203
495
43
235
1307
168
59
23
233
704
613
46
174
178
62
149
251
190
271
469
47
56
143
427
349
35
176
641
262
666
274
148
1562
266
93
57
1577
498
193
62
131
152
30
252
326
25
63
918
53
403
27
27
392
762
7
156
91
439
54
317
517
336
237
503
374
108
67
39
31
198
171
326
152
585
100
31
51
47
152
165
127
102
157
301
560
17
56
276
63
89
74
406
133
253
151
33
112
418
235
430
624
398
169
340
768
213
66
149
21
284
430
721
61
136
78
1708
64
308
105
317
199
196
147
447
219
57
202
333
387
168
17
371
258
39
315
132
515
177
110
241
699
300
452
68
79
66
33
180
256
97
405
155
826
86
17
23
23
380
330
57
104
50
112
407
39
57
66
721
426
146
134
367
207
401
31
17
153
55
39
100
441
318
106
137
182
21
23
17
407
169
205
652
425
82
220
266
465
80
252
550
136
124
773
581
210
236
45
163
46
611
246
47
220
287
376
41
82
391
92
517
169
218
162
424
156
661
479
13
108
255
202
262
111
323
222
413
533
372
50
177
379
971
43
379
140
29
470
362
266
200
60
116
229
455
243
184
165
434
173
25
134
62
373
576
236
74
41
62
148
364
301
450
152
765
203
472
213
299
1215
27
126
142
216
222
606
542
178
474
320
467
170
196
257
293
94
144
50
518
90
235
146
250
329
214
35
133
127
43
35
339
269
54
455
159
301
411
141
501
39
291
225
178
21
434
45
195
88
331
210
174
298
263
80
97
128
391
280
44
56
472
135
175
53
49
321
27
128
295
740
243
304
282
111
191
579
561
76
19
115
180
263
49
25
253
670
66
565
1414
363
293
157
125
90
49
131
151
135
613
51
1796
84
136
298
2010
70
90
93
223
318
855
199
48
143
1246
60
234
87
297
66
374
1491
148
79
56
285
267
145
92
246
35
410
203
301
39
133
258
186
132
373
562
216
319
160
100
33
420
408
9
211
236
15
95
200
437
39
74
75
313
539
560
373
49
200
225
195
210
112
424
351
52
99
175
194
252
768
19
284
2211
82
106
1345
245
200
35
273
323
115
25
107
220
303
161
336
167
35
1088
184
360
33
414
129
254
69
76
391
1971
261
241
339
743
129
72
339
1877
52
149
491
24
66
39
216
112
99
267
132
215
452
193
70
251
35
246
134
21
199
21
66
362
142
468
167
294
234
143
927
64
100
242
490
78
138
60
262
553
204
164
273
498
1416
472
125
17
134
195
325
298
226
271
114
84
291
45
383
339
481
24
117
488
436
222
73
67
80
1853
35
88
535
15
322
322
59
539
113
119
83
359
896
319
126
74
78
82
258
87
55
35
123
66
15
132
206
59
256
527
221
98
51
21
364
280
387
123
325
497
90
94
355
316
137
167
166
227
175
