0 1 1e-10 1e-10 1e-10
0 0.997245 0.00196773 0.000393546 0.000393546
0 0.0793651 0.920635 0 1.5873e-12
0 0.333333 0 0.666667 3.33333e-11
0 0 0 0 1
>
0 0 0 0 0 0 0 0 0 0 0 0 0 0 0 0 0 0 0 0 0 0 0 0 1 
>
0.285714 0.0125935 0.0373869 0.0121999 0 0.0161354 0.129477 0.00669028 0.0200708 0 0.042503 0.00865801 0.177883 0.00905155 0 0.0110193 0.0204644 0.00747737 0.202676 0 0 0 0 0 0 
>
0 0 0 0 0.328671 0 0 0 0 0.181818 0 0 0 0 0.237762 0 0 0 0 0.251748 0 0 0 0 0 
>
0 0 0 0 0 0 0 0 0 0 0 0 0 0 0 0 0 0 0 0 0.253012 0.253012 0.253012 0.240964 0 
>
0 0 0 0 0 0 0 0 0 0 0 0 0 0 0 0 0 0 0 0 0 0 0 0 1 
>
