0 1 1e-10 1e-10 1e-10
0 0.995671 0.000787092 0.00314837 0.000393546
0 0.0833333 0.916667 4.16667e-12 4.16667e-12
0 0.091954 1.14943e-12 0.908046 1.14943e-12
0 0 0 0 1
>
0 0 0 0 0 0 0 0 0 0 0 0 0 0 0 0 0 0 0 0 0 0 0 0 1
>
0.309327 0.0118064 0.0251869 0.00629673 0 0.00983865 0.137348 0.00354191 0.0145612 0 0.0283353 0.00393546 0.200315 0.0051161 0 0.00983865 0.0153483 0.00669028 0.212515 0 0 0 0 0 0
>
0 0 0 0 0.298077 0 0 0 0 0.221154 0 0 0 0 0.230769 0 0 0 0 0.25 0 0 0 0 0
>
0 0 0 0 0 0 0 0 0 0 0 0 0 0 0 0 0 0 0 0 0.305389 0.209581 0.245509 0.239521 0
>
0 0 0 0 0 0 0 0 0 0 0 0 0 0 0 0 0 0 0 0 0 0 0 0 1
>
