0 1 1e-10 1e-10 1e-10
0 0.997287 0.000775194 0.00155039 0.000387597
0 0.333333 0.666667 0 1.66667e-11
0 0.133333 0 0.866667 3.33333e-12
0 0 0 0 1
>
0 0 0 0 0 0 0 0 0 0 0 0 0 0 0 0 0 0 0 0 0 0 0 0 1 
>
0.303488 0.0127907 0.0232558 0.0108527 0 0.0100775 0.142636 0.00503876 0.0151163 0 0.0248062 0.00503876 0.201163 0.00503876 0 0.00775194 0.0139535 0.00581395 0.213178 0 0 0 0 0 0 
>
0 0 0 0 0.244186 0 0 0 0 0.244186 0 0 0 0 0.267442 0 0 0 0 0.244186 0 0 0 0 0 
>
0 0 0 0 0 0 0 0 0 0 0 0 0 0 0 0 0 0 0 0 0.327273 0.2 0.209091 0.263636 0 
>
0 0 0 0 0 0 0 0 0 0 0 0 0 0 0 0 0 0 0 0 0 0 0 0 1 
>
